PC1,PC2,PC3
9.192836826213243,1.948583070778615,-1.1231661649251523
2.3878017958022166,-3.7681717420675653,-0.5292926867404224
5.733896279731704,-1.0751737966209132,-0.5517475931812111
7.122953197708883,10.275589121812805,-3.2327895479751185
3.9353020736780993,-1.9480715678001719,1.3897667263118842
2.380247150345935,3.949928895550163,-2.9348767932958233
2.2388833080524044,-2.690031277298063,-1.6399129289299454
2.1432985003775453,2.3402440069495434,-0.8719472621970151
3.174924293083733,3.3918129518468434,-3.1199859103786545
6.351746789526095,7.727174066864843,-4.341915813265785
-0.8104137708452953,-2.6592754976869597,-0.48882979387459446
2.651100477242399,0.06656792656644907,-1.526455298428455
8.185034458147951,2.7009764926129725,5.730230807404696
0.34212591399015363,-0.9682792608579339,1.7171715837733328
4.342379194647856,4.861083312492757,-2.8161155387334174
4.075656175346035,2.977061180367682,-3.1252741488967493
0.23005501571000375,-1.5647577252734435,-0.8025191537880164
4.418010915982992,1.4186703334195132,-2.2703190300830203
4.948703550565109,-4.11433352496481,-0.31474911073335937
-1.2370633569552287,-0.18821495375647584,-0.5932834977755045
-1.5781612348121736,0.5728081925090133,-1.8014467053426673
-3.5573363735500108,1.6629499036242439,0.4511874472016363
4.733210788209764,3.3049637282937705,-1.4665366905115762
4.208524209049894,-5.128366513937133,-0.7524020249978437
4.949632073983739,-1.5437522881334136,-1.7131939317219054
7.098562854912056,2.0186103371086284,-0.029009635418776696
3.510262603971832,2.1716251156448347,-3.8945464144583033
3.064053886063117,-1.8765523476875163,2.5817477011413423
4.007264143655831,0.537242160529562,-2.7616256345495085
1.715309726543141,-1.5237050229684272,0.1461870936979304
6.059445513505045,-0.7571774508791147,-0.34923939951626715
2.9022361049997807,4.005295512374858,-3.0014624576442057
4.5547826888157745,0.3375361539050545,-0.7543008027122935
4.990602722476018,-1.13258890569208,-2.577384169221547
2.9853407889708548,0.7584232425067488,-3.493761718410147
2.7663691577777527,-0.35435594247278135,-1.896962997461471
1.2961987650208187,0.9131962762388741,-1.5757686737497705
-3.7493133959384846,-1.4134731176425197,1.7323077927931252
-0.9980689008800908,-3.3512929231738124,4.305573840158026
0.7652641153962598,0.8862439528803256,-2.704918312763382
-2.1509534707304194,-1.9239916158362225,-1.1804841584142811
-0.09333138656721318,2.260752006193167,-1.9047264819066607
9.08799967726132,2.018673099337023,2.141226290644304
0.9904537655030484,0.984930020381699,-2.3107336560423954
-0.2935465509280988,-0.13709909082096422,-3.301931920778919
5.380940406937093,-0.13487697768516801,-1.6788425626741081
-4.581936672186453,1.484220317772354,0.04207461161204569
1.7000068868371663,2.3522717936592588,-3.07808909425185
-2.1364452772841016,0.09582960948792904,-1.492411889121495
-1.5674789972081602,-1.2084332137934009,-0.36915910575909716
-3.54290555746375,-1.2824955784727408,1.0182109359875764
-3.157814050181377,-1.6889585955389248,-0.49629371823289625
-3.450488543515912,-0.4982187141501265,-0.15251795711357874
3.3025509513789864,-1.130937804944306,0.8263925990465799
-0.6746192855718297,-2.1164097168640006,-1.3962197485458372
-2.8581584400465374,0.15272313623647327,0.42893494025200174
4.648738872436685,-2.3103325702515627,-0.7288088562146785
2.1768628822290865,0.9721160460019879,-1.9438883337289843
-3.721458992832202,-1.7876416504638901,1.2799328199219802
-4.135962943789871,2.403792485458971,-1.242958405332457
-2.385835663134458,2.7576581297263996,1.2140856312727974
-2.5788832519685045,3.1386719227438538,1.4002801852226334
4.759112153866089,3.011680506375227,-0.16624072170065787
-2.314132249371499,3.2679896792372247,2.7962242450184704
1.6916079231689938,1.5406765571043697,-1.7998452353903822
1.8123054050069216,0.7227401911782765,-1.4662495705857064
-2.7859247566664447,2.3106487123078066,0.4727253027649289
-3.518648339647648,-0.6583094692607135,0.5913749606899402
4.33000264908452,9.202525685734644,1.4929628318845916
-3.2612794727724,-0.9378381203565244,0.2051300126454588
2.7045961726303487,-4.4371417696187185,0.3073453854274209
-0.307855770476919,7.387812177121238,3.819085980462642
5.503705315293615,0.9383254150997189,-2.210131648116606
-0.36170919269359275,0.11973908634706393,-2.0409557912378857
-2.629976638563177,-0.6973093686124093,-0.5839416361535522
1.4281675928953428,-1.9671014119007764,1.1119388562486547
-0.8345178814910341,1.9656048643396273,0.790432539224315
6.230896511902654,0.9200695426759798,0.08982730993825867
11.668714648329656,4.7486172024098945,2.0058790432135245
-2.021577658435546,-0.25489983397091426,-0.647872010294653
-1.638384937364979,1.7159491138762533,0.4342062593594428
1.1674616110726204,2.5145158500054543,-1.9057187542205634
10.76924281927434,-2.257982898105895,0.038835789331886125
5.034811085482778,0.7744091563670906,2.6823380216630186
-2.1744643095462064,0.49687798482025947,-0.9490918106995594
3.288235384718603,-1.6682370620503857,0.14693184564797207
0.6076079451777676,0.16221452495228203,1.6373748701509658
3.5835636260636523,-2.206661839154869,-1.7045355935218296
-0.9341581043944102,0.9277014809302208,-0.0401636535774871
1.2596046473494302,1.0155770702513427,-0.08059284619342487
-1.5882639721786036,-1.6196568284204425,0.3099992085044563
0.25249756752681485,-0.5313515472449266,0.5893278268567639
-2.847431586696072,-2.8936475984331027,0.5279888427871625
-1.9649501129379248,-0.9651569880786818,-0.08120810697433273
2.775865569002567,0.5580005267658678,-0.6057712485730881
4.3962279547026135,-2.1235077121568917,0.5795100081447115
-2.5920828278053163,0.21363392991247634,1.0356115166431175
-3.904338150152879,1.190066633793991,1.551981185114411
-2.818231213142344,0.367883981277612,-1.3514356319292735
0.6162808698250991,0.6389116690076547,-0.19991887351576162
-0.4328602208165496,-1.3920442987733135,-0.08271948210071649
-4.55502884044815,3.52878601787909,-0.21526395877851728
-3.448183541217512,-1.424622455711258,-0.08872400425353706
-2.115960264030479,1.8493736050196123,-0.5566739791307631
-2.6913522049621292,1.4200617399417943,0.9691507729571668
3.213916765177376,4.046756222649357,-2.7153844565069414
-0.749271356349563,1.797638517132293,-0.5683658058122284
-3.1590060374146827,-1.035749426821673,-1.4906841621095053
13.056121858663445,0.9815132263977565,0.5988126755228687
-2.2286798134422194,0.667410636380441,-1.0915603405196967
-2.4928310356116072,2.5986862679957197,1.6697255617274924
-0.10335042641398749,2.280143536856827,2.1095627900316334
3.591294118690598,3.926333155212097,2.047006729297744
-1.3489486828722494,3.556225100465865,1.732191277243757
-2.510117675558594,3.2513195035015023,-1.6876243932740524
-2.0460295724518565,0.30488486674437615,-0.5338387058877799
-2.0970691694487194,3.6670958835452634,3.6322004791971634
3.110527693352181,1.5693895561962345,-2.6139361255409512
4.956725570002297,2.384846218716713,-1.9351070932502161
0.8510142626646725,-2.3067353675280096,0.5674619180759454
-2.9659992066225715,0.37150648225223826,-2.0665331595935648
3.3341331980203517,-1.3255573541236587,0.7280136640548062
12.89461213396896,2.3166224643942472,6.328697007293902
-0.7707436775320119,-0.06410921999256797,-1.1344087971271672
-2.202515523782406,-0.7356052301956376,0.26708009849276115
-3.1434122456027063,-1.8774090266692665,-0.6703690408220189
-0.6388804999703294,-0.91136602879799,-2.1427241627880163
1.9191334226485004,-3.5380823683878657,1.2549245276885783
1.4088683633928158,1.3049294063552914,0.6414287693802249
4.643691316587363,-1.4820171693910282,-1.170680553352201
-1.8774673636140533,1.4232306440378042,-1.0708121946781852
1.432069426797439,-1.0496039490885931,-1.2620113212390713
1.352627025394286,-1.1541414717290017,-1.2097932663596238
-0.7091148317236308,-1.5682323235088835,-0.6699940901235686
2.1714160183039684,-2.82626072612375,-0.5621074925927848
-1.9768403553186409,-0.4193874469184842,-0.3805751690985245
-2.6007895040208746,-0.482335467494323,1.872372710095143
-3.258007359468893,-0.41832140569539045,-0.6918056278932829
3.782026455580273,0.8603815975237679,3.67100068936039
-1.9920347221454218,1.3293551725054658,1.1352445446341108
-5.015008689975809,0.5746999790548176,-0.8424381482480109
1.3450204377376285,-1.2747709560422442,0.5558435473492891
-2.455968810688046,0.8984552923634698,0.35313348002737116
-1.837281669517431,-0.09102676545715473,-1.4452808651437827
-4.346489712228622,-0.8935722661901384,0.6392560329081952
-0.732812916143764,3.7021823827951073,0.6585050181232288
2.3999978431541833,4.837988819756904,-1.0281570383139276
0.39309866393165943,1.0830680630279448,2.24760550578363
-0.41232781279562253,-0.38963131709829946,-1.0457704065390454
-3.049924940451467,-2.2377845222719026,-0.4694529821327977
-1.4425637316070987,0.30587044946826225,0.5515478510418703
0.08318610261277622,7.150359800006227,-0.060009971500318074
7.093306714189315,12.573194228678522,7.358708081714856
-3.7434045429961773,0.25050152676715426,-0.09738325219215006
-0.9691728143623521,0.9449443023490565,-0.8908112598417632
-2.4187199081229602,0.005552412982823477,-0.7983803838211416
4.100787726595185,-0.37880382017235154,1.4463175319906312
-0.7516030055354341,-3.070648658484427,1.4491816782802454
-3.654646528253546,-0.674648741850021,-0.9069859870885173
-4.680211576012842,-1.1038572475926978,-0.2573081776852202
-0.5977817666137694,1.7856508751060607,1.4817359679259385
3.3873307646410935,-2.9110371071738337,3.0072377534554398
6.1498861899661,-2.017652754781074,-1.5661437179981865
-1.3250313470426625,1.4692940245331338,0.8484213778199134
5.494152797674741,-4.165829305476933,-0.6012607661380436
-2.9974032071314904,-2.7388610518598138,-0.16118378030219652
-4.386732721106602,0.006872281278994981,-0.9481082366197808
1.213634612147904,-2.039038957379327,0.9806961768258494
5.069661081475341,-1.7851523342604958,1.173647068377956
-1.9777014396332304,-1.842779420639807,-0.27735975998648227
-2.514876418889988,0.11425229888415062,-0.49662277152014367
-0.9474878917479537,-1.6847535464245222,-0.35118634199304455
2.8193683434660466,1.265103132163656,-2.1531442403089764
-3.483986298020004,1.6196919825568976,2.6754693892339123
-4.65872957796613,-0.22291481503257854,1.5593586618863018
-5.3516181149366275,1.0267578586053607,0.32498592444975494
1.1708977789054436,7.014486578698101,4.27186199196935
2.9563018671442363,0.7064218520962697,-1.0423354420286663
-4.975702062159758,-3.386204867391142,0.4398384094372671
-4.064025658740142,-1.2461661741984265,0.5744778366294551
9.512669844166357,-5.603484192726068,-0.6372394031041453
9.00716552629228,0.5810310772838652,-3.1347151984641015
0.7588784847610696,-1.6085325756435822,-1.5150957144878
-2.6593596153532886,0.5399358008970774,1.7070147054728129
-0.3900189810589219,-0.9892423529287849,-2.5851692408804334
-3.889065527186773,0.8160717107750074,1.015717266048552
0.36487615184075667,-3.5744612259285278,-2.223978533134075
-2.8358909181565215,-0.3987296940121924,-0.3474450885882129
-3.3102836207396287,0.15574119498520342,0.5414789422238078
-3.3573044025551826,-1.1037324235664463,0.15208980466694522
6.523116620292805,8.011169611598756,-0.3264236973919135
-1.7177351761078496,-0.5431655272763868,3.2983752533289694
-5.565735898981082,-0.4778475788072567,4.127462746023787
1.7796614892323588,2.7765871696774127,-0.9427628490848586
2.611484893160507,1.561421709149274,-0.2181869536547451
-2.8190385096119353,-0.9701105669674905,-0.3825914385504016
2.4984388777239834,2.278482852097616,1.3194785753218512
1.2770271752993336,-2.443258964273784,2.4663169862406913
3.4731973428500704,-2.2778489100427817,-1.238684065571147
1.2566751119853172,0.38239326437188387,-3.8383203827020504
-1.4734313692163157,0.11689025652657246,-0.21466786443873073
1.649460695934061,-2.1022910706395814,-0.9752715916388863
9.036589480305238,-0.6551728250902186,0.22128007692197016
4.554590064788047,3.0866391558881214,-2.270404306355486
-0.7811899668984479,0.6528492587504984,-0.6436569974437192
-0.22309260678401355,-0.7018214902322882,-2.2707620397373667
-3.45489538609584,1.3069387228364107,-0.029264517645481353
0.44654439641740745,-2.787707740768307,0.44438226991796204
0.3144382259614628,2.0775607279208277,-2.083311869185311
-2.059191942545393,-2.4727877878058266,-1.4617188178856173
4.808969244731832,-3.0291029673897873,2.7440186759885026
-2.9987105282381763,-0.39677802824528247,-0.5964659390372131
12.285019759541434,-7.5434101693054885,10.112423747094628
3.3721965906436906,2.5878254279793245,7.092074811672974
2.5087663116225563,2.614648477541323,0.20638033506547487
1.318068476542634,2.1544795011177515,-1.7866325776203436
-0.38875629875561346,2.276797894739397,0.6273320745144425
-2.7569329912570324,1.0868346854768562,1.7072381598321487
4.943581014506628,-2.848324457732522,0.9138788144500721
4.298077329827853,-4.666275179129379,-0.006841008371699841
-2.3735018019750127,-0.733402563977892,-1.526027488118846
-0.9671903116026491,0.4384381816155831,-1.4476962674759797
-2.9757987879409,1.8109737757240085,-0.22343526886632678
1.803247020466665,0.16646095723338208,-2.628599564709474
-2.478359512372219,-1.4185764468645436,-0.3165332429274198
-0.8260392924374986,-1.2502474730589632,0.26796072660753106
-3.8946973283395496,0.5385707445033888,-0.8815587237804857
-0.3895780902174112,-0.6144154700225489,-1.3528692464004592
-1.4573213567984846,-0.20172675700990556,-1.0988787344535427
2.7555680011537396,3.4657736038397093,-2.4740508565949284
3.2572546734788133,-0.1252004920344244,-2.8960974556390053
-4.019140240564172,-1.3542473809817699,-0.36047271449737595
-3.676413293167364,-1.2916290603284606,0.424610306787305
3.316324113446771,-3.9391522592523875,-0.20545368058813673
-4.03660736175797,1.1625461079531387,0.18974782577381716
-2.3342333502302335,-1.3489797321876602,0.23268701919656198
8.403847113457498,-4.153904776612472,0.046969075234331366
2.647568633083631,-3.951172951487568,1.3718813340605878
-0.6817688659204065,-1.1359911306162604,1.2336664710037166
3.3502957906354167,-2.1545700266626295,-1.1089437206506443
-2.2277205188196936,-1.2149996868114281,-0.19241377550312044
-4.4775846557304755,-1.7411293624733248,-0.8882070880019675
1.3226214188389382,4.789476583869907,-0.6625351224801543
-1.8500898601405207,-1.5841281496577793,1.2639172257502584
3.7955656418249704,-1.0262326419361378,0.8986356352926849
-2.281318099239502,2.077685979672937,2.4306490301672583
-3.22877011827738,-1.1720734786955227,0.26466432976534743
1.0259007876487494,2.361261944320933,-1.6168855931599262
-2.5825558372816815,0.7292131140786898,-0.5481427872298416
-2.485883225506347,0.460596402682425,-0.5989203402625317
7.143842039052904,-2.0748422326200413,1.0883873372922575
-3.0324811407725965,-0.6494687998577648,0.3106826673316164
7.08501064878764,0.5282231716862014,-1.279987043224981
1.3140990035987576,-1.7754258312624538,-1.672631766605748
3.7116495147797304,-2.807477110609507,-1.756193609490139
0.4604790908477581,0.39416628852143215,-1.0046985455782451
6.392649920534938,-1.8230941633210396,0.4798497266076058
5.255544949778239,3.894530989824521,-0.8338534467396668
8.733861502954,3.279877374952951,2.903699464422582
3.6913178802285063,1.0656460674271768,-3.515589047812129
3.3782508726958786,-3.37122789204261,-1.7667777549872725
-0.8402096538369327,-3.500085032183259,0.1824836534048768
3.2843726199731593,-0.9906732009428211,2.554386392206263
-1.9087689281363813,-3.1219458054749296,-1.0630561133946035
1.614781925355918,-2.474573347873442,-1.9911347840528233
6.619726346836865,-6.003276417553643,0.989377758845256
-1.464675933458778,1.6866318141555767,1.16990587039462
-2.0121524285187693,-1.1034865581448539,1.338024079714648
-2.284340252070642,0.009493639196512782,-0.4504395420557845
-0.7397430856449485,3.1525206050711527,1.4698578473041148
-4.506562510681537,-3.1692725878735355,-0.18806158843615597
-3.158754301407416,0.4103017949685593,-1.1088172045342604
7.676149471669645,-3.0753063039954482,1.4819594123267337
-3.6391359671594388,1.5895870640296268,0.7162798064909729
0.33734549264382896,-3.1443734576469224,-0.11572148197426413
-1.2765833791515422,0.8490529834604231,3.0700681561656555
-4.346014054230488,-0.3219780568013974,0.3884747010967209
0.017430791487395392,-3.4593432912027593,0.30692080144918443
-3.4924260372868656,-2.634082400764152,-0.07218764240633245
-1.8665488536842108,-0.902064209682512,-0.8711686907326858
4.960268117827968,-1.3411230473901083,-1.4570533353535329
-2.470722685223374,-0.13802626433783105,1.7948853032581682
3.7850601029234157,-1.9019074162697003,-1.7442419030926268
2.6372557772722263,0.5771549958415219,-1.9946998246135987
-1.3726850236666188,0.005805461425115016,1.5492892156170028
-4.138882573259068,-1.3765082402979778,0.8780486016227251
-0.6869402913907835,1.6950096246206945,1.0262128438932427
-4.3121295827429025,-1.9784861330658448,-0.25130648668008293
0.4033094213764876,3.723434003640429,4.586469001104593
-3.0036057953214272,0.3541602274578672,1.2340149770109021
3.1340082054400344,4.273459558439521,5.866279514838564
-0.4178368668818517,-0.8085765710523074,-1.0932914838531624
-1.420223135082112,1.3939781131568851,-0.8369868339964821
-2.870588347786154,-0.2686445091440114,-0.46898725899909105
-3.3658457040713725,-0.8076006153541806,-0.8070794153089258
-3.3150001548360732,-1.4421762294498774,-0.5836326027461892
-4.769710159700073,-0.5429618596413305,0.8938680006186186
-2.385882758420601,-0.8241155709057304,1.9839634866787794
-2.787096009431117,-2.533034002938486,-0.8840343987299127
-3.3938417715182942,0.7539639569981579,1.7717935601115173
6.5902359433444255,-1.4848624499142589,0.3613399006336833
-1.4553305178966354,0.5919428677399607,1.1463403848993783
7.182933102086262,0.05514606018737852,2.012917886135858
-3.57883540344704,0.8915829916265132,0.26148740499521544
-3.0570326418734965,-0.17921338626514086,0.6217734459790188
-3.0744358315608604,-0.30605843546261907,1.2592536574618851
-3.853539733255717,-1.5247264225853268,-1.1445096448722214
-5.390256393774109,0.5562555046188571,0.5600700632026153
-4.657682334494783,-3.0653874336643394,-0.07600910991892229
-4.027542388108068,-2.5429070434441408,0.35321712939199146
-3.3478219416102117,-0.06856304781817571,-0.27019328888929883
-3.2998420114682903,-3.1387093942090694,0.1488923708055854
-2.1364041423511355,-0.004392848638496615,-0.0551389570154125
-4.038017141736997,-0.24069805436710418,-1.3281267494695406
-3.7654145532586294,4.398200493289127,3.950207841998918
-4.871239383480867,-2.339214787421023,-0.16829482806235962
-4.747248516354596,-1.7984019755421992,0.16972019757857185
1.8953162763188454,-2.392238003049706,-1.6764913002997726
1.5729311406089737,6.509099306788018,2.167158980768513
-4.026620252659342,-1.4022064621622243,3.1864999036271833
-1.2948661700949906,3.470808639312663,1.1095279782143226
1.8348404671476901,-4.321522964467138,0.3166853298868882
-1.810380558891325,0.3962073022435606,-1.2303341229543103
7.2364853143920005,-0.035701797122105194,-2.841066628067316
-3.1456501885211114,-0.742526542025364,-0.862351507021217
-2.88726805823951,-0.4647316245415411,-0.4757433379564518
-3.1496539838209325,-1.7712483965455077,-0.03583368761949133
-4.628379483050079,-1.8356183618885455,0.06423097211539788
2.250510374099616,-0.3485359403968553,-1.0647508694685368
2.1078012278782885,1.1219739434409484,1.7751582214774786
1.785949980319216,-0.26922163567289265,-1.722515336361667
-0.5276966174016189,1.2658716232564489,-0.9204411162248917
-3.213500980500868,1.1034431417867787,1.6119811675673437
-4.386422966517999,-0.7611037296113777,-0.40059742138206567
-3.8100178698306615,-0.9099185549027128,0.4431676789829843
3.3196739715199506,-1.5770528423794872,1.3607285012134673
-2.3932759643301043,0.9900307776840357,-0.7575099477820136
4.680166262400176,-0.9685929539380898,-0.29127225659511846
-3.067695140604764,1.1358375684170803,0.3746225453195154
7.3532185750278956,-5.24262314257036,0.31695581762329555
0.29531318324779665,0.22693503616202523,-1.0894165936379576
-1.9389694969467197,2.5449881124613514,-1.001423531895259
-2.077178921430977,1.8065194888372929,-1.167079419666356
4.975162358414947,-1.3325721796152097,0.8709775695835561
-2.1769168795842124,0.9589112593874776,-0.23426487018088135
-2.4315514550090103,3.447203866783425,3.4569448433707244
-3.367965778878124,-0.5629288977240036,-0.19257365473607185
-1.2065977905127079,-1.3170443381938337,-0.9307408058484219
-3.3260792487089827,0.4751715815403463,-0.8982857429225358
-1.928795402235246,1.4614697975696809,-0.10064251005290864
-4.041835089954522,-1.3569174566939906,0.5383416687329187
6.182283741692322,5.108005449471074,0.5211405836082978
10.934298158426856,-3.7032540804833247,-0.891694071888282
2.1184969319275506,0.2966290696064457,0.8674853936430023
-3.0121949701584483,0.24375997572806543,1.9837330373389168
-0.9826485812695361,0.7972523938811396,2.369421155594608
0.3578938625182036,2.1278386319954126,0.7082090398064479
-3.193917865505716,-1.849152073272372,0.09939835082345441
-2.9932333012444805,1.6313922059001316,2.556717908182683
-3.1939141504686193,0.5793394420917469,0.48976422046716295
-4.591961853505453,-2.761127097239495,0.9805426285780386
-2.4859161544122346,-1.1889394044418717,0.3487767891257314
-2.3986653462113514,-0.2507447903247733,-0.3271378044542175
-0.7796151997479087,-2.1243434274179376,0.3207888878326886
-3.139988425752806,-1.4880221619895575,-1.1988784892759732
2.73501177167548,-3.945168230499005,-0.01716948677437662
6.227025988689336,-1.390109691053832,2.734237190567731
-2.223775745579289,-0.35716071079108147,-1.1016823288724467
5.30714002200119,-6.723414983535719,1.4856648508118324
7.248001061273753,-3.655469129562134,-0.15570199941134327
4.207220618955451,1.1762428818289306,-1.5900181858292188
-2.4996363741121446,-2.01853562681569,-0.7312745967087405
3.6350149466830755,-1.9564409103843121,-0.8287751361071645
3.5192482750135228,-3.8586071201502183,-1.0225290614081728
-2.6149483072401796,-1.102474459381055,-1.240736002791328
-0.09610811657662768,-0.1298475828529796,-1.671464108297987
2.044856934566943,6.426819839190368,1.27412124909429
-3.0667495275573966,-2.1820956998038135,-0.2790626706061584
-1.6035864433861873,0.29259622243129807,-1.5862254319409677
3.765932154104969,5.985295348435208,-4.880361149350231
-0.9255666032078087,2.3024814303456993,-1.5961118582912612
-3.2883495941010263,0.2013113364184916,-0.6277562832810125
-1.5548521496523122,0.9798577293757129,1.1965597972721478
-0.3987799175813129,2.161212691844737,-0.9456050178112567
-2.300567821333631,-0.9320775840394678,-1.1299532643106243
-0.5429013641687829,-1.3170679101673382,0.99575452254882
-2.0588194558297808,0.3204351458128006,-0.1224584116949097
-3.4245180552308847,-2.4455184118500948,0.04504874968504277
-0.4724065518531575,3.702829438613115,1.9537848870831824
4.703500731698839,-0.19595575484438205,3.7570329480035976
-3.6433802386141547,0.786859916392082,-1.1621457872905883
-3.5946893435896996,2.6050872166990806,1.8520296363154263
4.149097342448855,0.7674888443508874,-0.887974699105973
7.672141552626158,-0.8604841506606737,-2.1536501241011403
-2.0103794137575806,0.4296895605218877,-0.10408881296275067
-2.9208334948368924,-1.7004724749888254,0.2957272490167232
-0.5007378002661367,0.10673146468453187,-1.0287479575384084
-1.9114985749229865,-0.6513938798572443,1.4502884906809126
-3.7850992277955924,-0.32614636749627346,-1.058080197853583
-2.708393968213482,-0.21966574165493533,-0.31450474982631715
6.289673469535029,2.0365473971342656,-3.182082266425466
-3.430770691238839,-0.9926100348372943,-0.7316945965028407
-2.001388466389223,-0.2933264633837375,0.6192038889010871
-2.4732930942871545,-0.3350470264930676,-1.4823620283793961
-3.6472577463942084,-1.24136512518271,1.3866245351281403
-2.3461868509424195,0.6827413168887649,1.1327338901016613
-1.1429969265477058,-1.9621714940294184,-1.2407197004619654
-1.3508573033319764,0.3695739020305161,2.486675656972664
2.7633707862900603,-1.0786335090315855,-1.1796239441243437
-1.9693236050366545,-0.1758485084311619,0.42073137633545715
-2.931187055439993,-0.49485622913811184,-1.0170708912516775
-2.926374386150483,0.3773322571214207,-0.8867938375703437
-3.9961882774103654,0.9598560897763168,0.20440412868527238
0.15513805946848985,-0.4380082282319311,-0.46144569683466297
-0.934090810373447,-2.1059455911648843,1.4329170271005305
-1.929621730255186,0.892466690076073,0.04234474806297545
-2.6223386017039347,2.50210161797029,2.4349994992570574
6.003616591373189,-0.09102922215333174,1.7112016700985055
-2.9218778045747436,-0.009212681102503267,-0.9013034826142078
-3.3419448039492616,-0.022224730460861045,0.5033012014078239
-2.0149150334118895,0.7784521313204144,0.12557879392343277
1.988462105551326,2.3160480540140895,1.2363039421289923
-1.6696039306005643,0.8623188526395799,-1.010306172432374
-0.3711781135185412,0.11361265869439902,-0.9983635752221821
-1.8489599298371764,2.5412296491762567,2.0053476116292464
-4.703042202111233,-0.4323024307364167,0.005305087690086137
-1.283187150786219,2.5509093102530116,-0.08386034510532804
-2.3142468193050156,0.4020314772956683,0.27462319554425374
-4.6590851764109535,-0.7822987564616704,0.19212192120585678
-3.94347338173483,-2.030016287060286,0.6917357213138681
4.949858461550108,3.0060641292021995,-1.7540716861367167
-0.915803519331322,2.47901312867841,0.3626066865372206
4.549111146627949,-0.8160005055481384,-0.5187550863109883
4.4423428181310145,-0.992438897897358,1.4423190862201654
-2.194984301020592,-1.805353237746216,-0.43510940569172
0.6644409146912519,0.4368608556548227,-2.6807818782310266
-2.240876053643134,-0.4545895114490168,-0.46552758806891736
-2.1251804369201244,-1.1947969118047677,0.49037198738325527
-2.6153174112222275,-1.8320604325909977,0.7643295557640388
-3.2109679756621508,-2.235142704166277,-0.16622442953719513
-0.30675039870785353,2.1849988333666666,0.03928624215564027
2.472356916773653,-1.4998247516737349,0.5914532151178298
-3.45471837211287,-2.136461548171423,0.19716267170428473
-3.900526848058524,0.7307759702638019,2.136071104512781
0.9817275418953908,-2.2104299471104385,-1.6999192298530388
-1.2572515710229821,1.0676915149434758,0.2594752699895489
3.24541364890325,-1.778358632277558,-1.7931536723727282
-1.557219412537018,-1.0379271063964222,-1.3012450790124368
-1.2492580966982796,-1.5888387893468159,-0.32641344047943377
4.331653344535905,-4.049332418331278,-0.19250552543561764
-1.0774513298933353,1.8036181631512853,1.781041630490019
2.5117531022607604,-2.528807583395521,0.7982023062429732
-2.217092305447845,0.02989128809455588,0.6364601353332382
-1.1738306467787554,-0.47483950502457617,-0.48157091181134554
-2.8363014443334347,-1.0181258063239869,-1.486630003219994
-1.8570858988747982,-1.5713931191145079,0.8264827444788935
-1.3286143729580846,0.7770956605632376,1.2567582294140234
-2.802771356776176,-1.666301634254209,-0.19401832708269526
-3.1745687967637317,-2.075733619391643,0.07490026826367066
-4.087077360931371,-0.48471007936069366,0.6313640086937953
3.475493748130867,-1.6728843912266596,0.8568267992048022
16.319233231031994,-7.775852804248051,6.235415554855189
-2.560115018016909,-2.4940454475524696,0.1703125867622439
-2.968888795917071,-0.06884713568910009,-0.7784115655269561
-2.757430451020116,-1.7939187681258855,-0.7578141189390917
1.3703398754406422,2.110011349121701,-0.8537202468911329
-0.4176644925528781,0.11651969702822744,-0.5361425958912994
-3.8383986229812295,0.8991786485508177,0.700563949868938
5.930964859583869,1.2282966822613588,1.7215877555795642
0.6454786474866505,3.426011420952227,0.6082849579981665
-2.683846400979263,1.4435555289647544,0.3394035000855613
-2.0416640521055105,-0.9032559294447849,2.843241409945826
-1.3992963501120093,-1.772226245377806,-1.4795615607638253
-3.5364152954177652,-1.2468541534618018,3.3854111271305327
-1.9905294465908612,1.8994625506893918,-2.030998079019097
-1.998185367129183,-0.20637113652569855,-1.641325073356016
-0.5206581123170593,-0.9733678106769817,-0.32413538021473853
-3.1723704882482417,-2.0890522980358535,-0.9788057325551266
-2.202710189056726,1.2860393186695729,-0.8873992153533211
3.824433042941165,2.3052363163771443,0.027546193439254667
-2.9854846903263734,-0.6733392442277566,-0.5904898836921559
-2.4810551072777014,-2.363958760525991,-0.43261456686138916
-1.2721114612782496,0.509833848293444,-2.2389916783955526
-2.235156888078077,-1.2987044937051544,-0.9014368964630952
-0.056183104311735725,-0.22738339295599463,-2.2555156535549776
2.3173906062806537,4.389134334922117,1.7784111295615583
-2.284331260851889,-2.466840756413279,-0.821188486467467
4.754614870668752,-1.4894235603784576,-1.2537511047083383
-1.7263109176879987,0.9981778354005324,-0.08023841604984865
-0.7417817670631597,-2.452034966108278,-1.99770994188427
-2.894310661011965,-0.9779443192076614,-0.8056442410371286
-1.6545218459207927,-4.555664122445227,0.7523230680234059
3.1035197039278497,-1.236153211336589,1.2873550796581823
-4.064270597765449,-0.5609542217248059,2.176684800661663
-2.7933306574629646,-1.0778881331158552,0.8445421128614533
-1.4749199376087587,-1.5910942013854998,0.3199914442578669
-0.2293946370432848,1.5159034180090336,-2.2162830056656233
-2.553258407613496,-0.7639004851777267,-1.609403118015903
3.715705103463405,-1.058686219514051,0.5219535630210195
5.094841843796656,-2.0192078340507664,-0.7093696957160731
-0.600616113555981,-0.8384546630132845,-0.6870419696538249
2.7903998294337886,3.3855607718235565,-0.7530763224958134
-1.4087712143990503,1.505770592146534,-0.35389601743283133
7.259178840793042,-5.495735719287867,1.9109258819794408
1.298866548786069,7.729852801544611,-0.6889146563006656
1.0766932756334733,8.294775448775123,0.43419245843674514
-1.249760524772048,1.5956838545110161,-1.3564745816389754
-1.2569284056190155,4.117186681519056,-0.41272977060668803
-1.1665352144776244,-1.6656937357126103,-0.7378780075700755
4.094142557240373,2.8029272496079347,-0.5074334200447618
-1.8876392413595013,1.672191738728831,0.11979761539481877
-2.7674357028460466,-2.1610487950224173,-0.021096169201026038
2.2269944892059637,1.94163475901657,-2.28560349805942
-1.1315768907450152,-1.411001965420105,-0.5650531256557194
-0.7337724522411085,-1.9436971834232444,-0.2752361999418953
-2.3336707368113836,0.7901466072892551,-0.35004340710994286
2.697223754399566,-1.9437099457678477,-0.9605644482176616
3.379014667722389,-2.333428944961925,-1.201932179440052
-0.1998705801415311,1.0763600031270555,-0.6731488311899784
-1.1760259132353268,1.0113701777302317,-0.7117683065044733
-1.2926365392815633,4.964224702132631,0.34592702006924675
8.630755859096045,-3.459451915076072,-0.17905679264440516
-4.4294563710657835,-0.7860360357018081,-0.4734190928211453
-0.6198387404461237,0.6363492701040994,-0.488851249502652
-3.2523157686120374,1.2859251612593692,-0.21847648787760712
-3.352927053536592,2.673300597719781,-1.779087079067532
-0.8598029860026027,0.09684852260130415,-2.8140447257800267
-3.156621968682841,-0.8715426236404181,-2.1957147876623426
0.3465281132084092,1.541225275801936,2.846454005159921
-2.4614066509244976,0.6008479692253256,-1.171465136577615
-1.5301007215874454,0.40521778929245444,0.6044647414844097
-1.7735850660605696,0.8042100123847626,-2.027918042469094
-2.680441623965867,-1.4847089005284773,-1.74169338089122
4.028435261074221,-2.9414300980113035,1.659485395420079
-2.136351228598873,1.5185806390194967,0.17896523310853246
5.165410948305194,-2.3822032315181256,-0.4222772813046222
0.5359319494274818,0.38071514563631803,-0.4431347814502473
0.34312338294288963,3.5344810519931755,0.06966880121661405
-4.197079986345912,2.3673922830225265,1.3271447307861726
-1.1428318645966054,5.599458470260659,1.301037017724992
-1.6654751532170804,2.3896181248027184,1.5022494407304645
1.0117124957300918,1.092389649549322,-0.6326983810409965
-1.3009297119683683,-1.8214153018192936,0.37330749812882696
-2.373428725009621,-1.6815762381895434,0.38452814071781855
-1.6658710117954185,-0.2139627400924974,-0.1480724220983096
-1.9276781923709836,-1.1377399160440194,0.4782022974938422
-4.237216617940865,0.1842724969675091,-0.3264184065503352
-2.677870720842286,2.3157928229760034,-0.053848205919781546
-3.8364978517958357,0.49624992855094285,0.9232396859792169
-2.5514402959501883,0.2283299574366736,1.4141780117945075
-4.694923445156694,-0.7674779440649339,1.54396484053524
-2.0250371641270766,1.2612419002369086,0.5049260938423054
-2.8959482055187697,-1.4516357644008573,0.7805459976049572
-3.5022010405437847,1.8008324922228451,2.7664566396923242
-2.153903667395956,-0.8300688184730433,0.5647967241587242
-2.0550840679912508,1.6164592679963894,1.8389594650896288
-3.8772895793977984,1.084254744497786,1.859943909639657
-4.063862114728076,0.1221684352167659,3.2387726471757894
-0.09866733268842756,-0.2135598383306847,0.3889294641594782
-1.0893761900701346,1.292847898261203,1.4293788856272955
-0.48177096484745646,-0.1780196911167925,1.0321075823080135
-4.870309518087024,-2.1311061074865685,3.414188781279045
5.917612589142679,3.482636659061125,-3.262791685889057
8.741338077267805,-0.5738546724065794,0.8970900979949545
6.439315483954051,-3.5768174440143428,2.4594865593921584
3.7933823700327296,-3.5840478639420827,2.0884763895875915
1.256179276150251,-1.9022967130754442,0.562730525565466
10.37479405976984,1.6720101053366805,-1.8770293302249215
-5.475243302544345,-0.6706367907573547,1.4904430808346603
