PC1,PC2,PC3,PC4,PC5,PC6,PC7
9.192836826213243,1.948583070778615,-1.1231661649251523,3.6337308974191314,-1.1951101242170805,1.4114244518030525,2.1593698677702027
2.3878017958022166,-3.7681717420675653,-0.5292926867404224,1.1182638623273642,0.6217749802052746,0.028656354525269642,0.013358093546659788
5.733896279731704,-1.0751737966209132,-0.5517475931812111,0.9120826710188212,-0.17708589843163247,0.5414521472561727,-0.6681664837396047
7.122953197708883,10.275589121812805,-3.2327895479751185,0.15254703016111057,-2.9608784018284804,3.0534218246170854,1.429910699232579
3.9353020736780993,-1.9480715678001719,1.3897667263118842,2.9406393466998395,0.5467474017693154,-1.2264946427263972,-0.9362125458835735
2.380247150345935,3.949928895550163,-2.9348767932958233,0.9410368715107523,-1.0560419315215421,-0.45103865197505477,0.49044511571859345
2.2388833080524044,-2.690031277298063,-1.6399129289299454,0.14933988773219883,0.040359517978645544,-0.1289484343695864,-0.30156744574506994
2.1432985003775453,2.3402440069495434,-0.8719472621970151,-0.1270428573145545,-1.427436672913715,-1.2570391922409265,0.974099849031558
3.174924293083733,3.3918129518468434,-3.1199859103786545,-0.6012970531658933,-1.5222903919203765,0.5595447276551334,-0.21510369959346434
6.351746789526095,7.727174066864843,-4.341915813265785,-3.375201579943463,1.7102631424409445,-0.7239087403159169,2.5198398244746523
-0.8104137708452953,-2.6592754976869597,-0.48882979387459446,-1.6725665641372573,0.2758115691395797,0.12733183873981488,0.6250123175381548
2.651100477242399,0.06656792656644907,-1.526455298428455,0.05126156174295344,0.33195111557129003,0.7648666377047478,0.6660924496743921
8.185034458147951,2.7009764926129725,5.730230807404696,-1.112256554837355,1.0434704479700312,2.594571243125384,0.9414973501780631
0.34212591399015363,-0.9682792608579339,1.7171715837733328,-0.5950029515744035,0.46801050991252696,1.0076601120936797,-1.7990811518798446
4.342379194647856,4.861083312492757,-2.8161155387334174,-1.454557034967447,1.2900628482845735,-0.34971623791301715,0.742880495115489
4.075656175346035,2.977061180367682,-3.1252741488967493,-2.4580708567479657,-0.4083421223931521,0.4957779789253004,0.9150568590202572
0.23005501571000375,-1.5647577252734435,-0.8025191537880164,-0.6505829141841297,-0.4947110498794874,-0.7621910180301393,-0.08684701919719405
4.418010915982992,1.4186703334195132,-2.2703190300830203,-0.18627241456690805,-1.4238611922717355,-0.7524893109854587,0.44198484979110053
4.948703550565109,-4.11433352496481,-0.31474911073335937,-0.08820651787104397,-0.056715175790363545,-1.1376888534383147,-0.251282861969353
-1.2370633569552287,-0.18821495375647584,-0.5932834977755045,1.5963460972617427,-0.4421542344087286,-0.048636781110696456,-1.2016874481712059
-1.5781612348121736,0.5728081925090133,-1.8014467053426673,1.1252757267806206,-0.3952697334074847,0.43084125271406765,0.33848365971527355
-3.5573363735500108,1.6629499036242439,0.4511874472016363,2.0737646831914844,-0.49074649913183754,-0.7700683482173314,-0.19103873699687834
4.733210788209764,3.3049637282937705,-1.4665366905115762,2.0411500839765147,-0.02622012214808118,3.023043860035554,-1.007179749634767
4.208524209049894,-5.128366513937133,-0.7524020249978437,-0.862710269452549,-0.47096791574104424,-0.5958404334797728,-0.07482841270461288
4.949632073983739,-1.5437522881334136,-1.7131939317219054,0.04675916638472065,-1.7392301992461736,-0.8128796202763093,0.800305328136159
7.098562854912056,2.0186103371086284,-0.029009635418776696,2.5879506036805315,-2.0393399178084977,1.1842014785027453,0.6018535054736693
3.510262603971832,2.1716251156448347,-3.8945464144583033,-1.2957596791007013,-0.06821804219719277,0.7873573356314525,0.28991897587266274
3.064053886063117,-1.8765523476875163,2.5817477011413423,0.12848441550210277,-0.11666512663457212,-0.9075950598840863,-0.6458347560279895
4.007264143655831,0.537242160529562,-2.7616256345495085,-1.8983875071122485,-0.5256728952674058,0.19284876992607308,0.16113021702032926
1.715309726543141,-1.5237050229684272,0.1461870936979304,1.9113864109761236,0.536123243720498,0.03625982379077412,0.18403037761060156
6.059445513505045,-0.7571774508791147,-0.34923939951626715,-1.0642175341348292,-0.7461052508461131,0.2420803471118089,0.4619767550138662
2.9022361049997807,4.005295512374858,-3.0014624576442057,-0.32531637954508485,-0.8553558362463924,1.2346794017488443,1.9780884430085435
4.5547826888157745,0.3375361539050545,-0.7543008027122935,-0.7003299807221227,-1.5485453357926644,-0.19100756711943503,-0.8895841127080115
4.990602722476018,-1.13258890569208,-2.577384169221547,-1.2172617831435661,0.6699148757044725,0.26747897857172787,1.0326168593628298
2.9853407889708548,0.7584232425067488,-3.493761718410147,0.05426029028961477,0.1670999516144445,1.0017865202128422,0.7707720248202236
2.7663691577777527,-0.35435594247278135,-1.896962997461471,-0.5342558740827247,-0.8840204421825412,2.0110356612488425,-0.7205951332345107
1.2961987650208187,0.9131962762388741,-1.5757686737497705,-1.0431666396291164,0.4147217156772767,0.568595013379266,-0.14272090079137742
-3.7493133959384846,-1.4134731176425197,1.7323077927931252,-0.5654425488546025,0.08033942716600617,0.29026892094390927,-0.8050396064224715
-0.9980689008800908,-3.3512929231738124,4.305573840158026,-0.56120961627514,-0.46437280100846623,-1.4944563854077024,1.280254774584113
0.7652641153962598,0.8862439528803256,-2.704918312763382,-0.27477974977207104,0.8104294442657267,-1.0373508562035865,-0.17772440343948429
-2.1509534707304194,-1.9239916158362225,-1.1804841584142811,-1.1131980271037325,0.44847173808418545,0.9291124825252504,0.04187255489649853
-0.09333138656721318,2.260752006193167,-1.9047264819066607,-1.4423071234931784,-1.7053639599794748,-2.1226384455936635,-0.4969786515968068
9.08799967726132,2.018673099337023,2.141226290644304,-1.0692440225424393,0.7979314288465978,4.311093719883478,0.4341654766930105
0.9904537655030484,0.984930020381699,-2.3107336560423954,-0.27682550746286155,-0.6405109848033949,0.24278169405483097,0.6137734900190509
-0.2935465509280988,-0.13709909082096422,-3.301931920778919,-1.0097858647198072,-0.022510881810627884,0.11014620004847454,0.23360423402000702
5.380940406937093,-0.13487697768516801,-1.6788425626741081,1.5076949095842873,0.15199820704762393,0.42390481235850697,-0.7881745339687443
-4.581936672186453,1.484220317772354,0.04207461161204569,0.29622912941152224,-0.7138525125300138,0.5759267601744843,0.2232019352241895
1.7000068868371663,2.3522717936592588,-3.07808909425185,-0.06602095276022206,-1.0564664087495994,-0.28210962807112994,-0.16062044690759528
-2.1364452772841016,0.09582960948792904,-1.492411889121495,1.1210632056051326,-0.06803722858499704,-0.6934917304824691,0.19733401965726136
-1.5674789972081602,-1.2084332137934009,-0.36915910575909716,-1.475628822107276,0.1727504375765563,0.5452839168251546,-0.6844790320531167
-3.54290555746375,-1.2824955784727408,1.0182109359875764,-0.6081562387040483,-0.21963592240094465,0.26624788286066375,0.45403709642147655
-3.157814050181377,-1.6889585955389248,-0.49629371823289625,0.1940121029002903,1.439917550409442,-0.256538737339116,0.445335401603395
-3.450488543515912,-0.4982187141501265,-0.15251795711357874,0.5754864186421965,-0.05231488099961895,0.6298908854626563,0.06082708951156872
3.3025509513789864,-1.130937804944306,0.8263925990465799,0.9827170121329949,-1.1952630043010424,0.7078496853622083,0.6485099598122034
-0.6746192855718297,-2.1164097168640006,-1.3962197485458372,-1.0431386803210911,0.241816801586878,-0.6566550554732525,-0.2154531837642349
-2.8581584400465374,0.15272313623647327,0.42893494025200174,0.48306031856738346,-1.5105366077670306,1.2788638869578604,-0.39290832804629394
4.648738872436685,-2.3103325702515627,-0.7288088562146785,0.6399416903912434,-1.1583244871106964,-0.17859183391871283,-0.1855065731570482
2.1768628822290865,0.9721160460019879,-1.9438883337289843,-0.7373182874545586,-0.39578382169278653,0.46233408360543954,0.5366816459463128
-3.721458992832202,-1.7876416504638901,1.2799328199219802,0.1155657651318573,-0.5262823235110593,0.7057399314932618,0.4878069862322236
-4.135962943789871,2.403792485458971,-1.242958405332457,2.0483464666829927,-1.1656524013418608,-0.9010594210799515,0.4068303316346388
-2.385835663134458,2.7576581297263996,1.2140856312727974,1.7944891410105137,-3.338158035095841,2.540783691715168,0.7464375539101501
-2.5788832519685045,3.1386719227438538,1.4002801852226334,-0.7638665290019641,-2.78409547215077,-0.8157356119193864,-0.396258152399775
4.759112153866089,3.011680506375227,-0.16624072170065787,-0.6058278290099594,1.1417013648878098,-1.2200670878485056,0.8200239853470597
-2.314132249371499,3.2679896792372247,2.7962242450184704,0.5657264357766815,-0.3818340886503114,2.9582835184817586,0.21056495655640595
1.6916079231689938,1.5406765571043697,-1.7998452353903822,-1.3905895681950213,-1.212674985813571,-1.2432108526222048,-0.005788546736060035
1.8123054050069216,0.7227401911782765,-1.4662495705857064,-1.1987300424802987,-1.4280415889691658,-0.7280624721898963,-0.5314264885986764
-2.7859247566664447,2.3106487123078066,0.4727253027649289,-1.6071602853041906,-1.6128581571966676,-1.1895734718481636,0.16952712831419353
-3.518648339647648,-0.6583094692607135,0.5913749606899402,-0.010802686059444467,0.020589099113726587,-0.4057097475830906,-0.5269920401142245
4.33000264908452,9.202525685734644,1.4929628318845916,0.31994729530197885,4.728170550062226,2.2157643119860584,-2.581060063466768
-3.2612794727724,-0.9378381203565244,0.2051300126454588,1.0900715280605255,-0.46034995514491356,-0.4343290557600397,-0.8500759135994878
2.7045961726303487,-4.4371417696187185,0.3073453854274209,0.48869284958238984,0.37249504141494594,-0.29180050083381176,0.28349255404596174
-0.307855770476919,7.387812177121238,3.819085980462642,2.1335558201906393,2.7107027154197794,-1.6397583322628317,2.4283614650902305
5.503705315293615,0.9383254150997189,-2.210131648116606,-1.523796030363475,0.9248915309278019,-0.5400615928428695,1.5638649468223484
-0.36170919269359275,0.11973908634706393,-2.0409557912378857,1.05888397991853,0.7571093758029666,-0.9204476313794451,0.6977859267267502
-2.629976638563177,-0.6973093686124093,-0.5839416361535522,0.33818159859125996,0.46754544208263404,0.03486895586767635,0.12012450433851095
1.4281675928953428,-1.9671014119007764,1.1119388562486547,0.7529108842722647,-0.5398817284085611,-0.9955632498580282,-0.9089201042621653
-0.8345178814910341,1.9656048643396273,0.790432539224315,3.4376311947463662,-2.3545508991849515,-0.6131015511949403,-0.7763539232732395
6.230896511902654,0.9200695426759798,0.08982730993825867,2.5391587715347015,0.06213585118066994,0.683471383149112,1.3998060624151416
11.668714648329656,4.7486172024098945,2.0058790432135245,0.3190490252272497,-3.3913609729994,4.8807990121115825,-1.1554937649669117
-2.021577658435546,-0.25489983397091426,-0.647872010294653,0.05925130559086066,-0.05484786556724754,-0.07241379892930147,0.05370270441677805
-1.638384937364979,1.7159491138762533,0.4342062593594428,-1.5279662308528903,-1.7693816513950005,-1.503190962597122,0.1436877447054763
1.1674616110726204,2.5145158500054543,-1.9057187542205634,0.6383115257183801,0.2361811273634113,0.13813368055393954,-0.32667924861005754
10.76924281927434,-2.257982898105895,0.038835789331886125,-0.38938554472601017,1.1872885524098802,-2.188160347553944,0.03560200948202225
5.034811085482778,0.7744091563670906,2.6823380216630186,-1.6665041294486023,-0.3116195927340516,-1.4225484832138404,-0.04325569622994797
-2.1744643095462064,0.49687798482025947,-0.9490918106995594,0.20721922236898171,-0.8853460634179889,0.8830402291064406,-0.25531228108611936
3.288235384718603,-1.6682370620503857,0.14693184564797207,0.437493010668035,-1.3685699313512145,0.9680275798064802,-0.15380533972527544
0.6076079451777676,0.16221452495228203,1.6373748701509658,-1.1145116403760864,-0.5407952323073286,0.5678595246523249,-1.6627841462848711
3.5835636260636523,-2.206661839154869,-1.7045355935218296,-0.8012938767743071,0.36532208086907114,1.5614640689490562,-0.1985426136420405
-0.9341581043944102,0.9277014809302208,-0.0401636535774871,-1.3533988833242632,0.06494213874354066,0.22389925981098147,0.07698028199262076
1.2596046473494302,1.0155770702513427,-0.08059284619342487,2.051334867834573,0.1375203584678296,0.8430410195220541,-0.17380790979327754
-1.5882639721786036,-1.6196568284204425,0.3099992085044563,-1.0919988878803844,0.05377409733164943,0.3258045855910625,0.299814090161587
0.25249756752681485,-0.5313515472449266,0.5893278268567639,-0.1105383418199031,0.4286811507578879,-0.199634624148427,-1.7271129777191196
-2.847431586696072,-2.8936475984331027,0.5279888427871625,0.5988167319352521,1.4356969584135972,-0.2923671582968832,0.0958650129539051
-1.9649501129379248,-0.9651569880786818,-0.08120810697433273,-0.09408073768065067,-0.5500239296297399,-0.3213964074907211,-0.5682538818835762
2.775865569002567,0.5580005267658678,-0.6057712485730881,0.49983000956853424,0.49990567822683774,-1.0676465883262536,-1.0430722855912027
4.3962279547026135,-2.1235077121568917,0.5795100081447115,-0.7774134007046745,-0.3038340666465028,1.78512513878768,0.0004248032932637398
-2.5920828278053163,0.21363392991247634,1.0356115166431175,0.6620054452508245,-0.540764359716955,-0.09693818737578627,-0.022544814263345078
-3.904338150152879,1.190066633793991,1.551981185114411,-0.9357754813392448,-0.7081204027123362,-2.354003768909274,1.116765948733643
-2.818231213142344,0.367883981277612,-1.3514356319292735,1.7384149224929455,0.2843214781212169,-0.4312826484942829,0.48492343917084996
0.6162808698250991,0.6389116690076547,-0.19991887351576162,-1.0974987710490267,0.11868973407105605,-0.8539389876438847,-0.5065156956129473
-0.4328602208165496,-1.3920442987733135,-0.08271948210071649,-1.9352799098833073,-0.034460534698509,-0.5963271388556028,0.0029674927542073667
-4.55502884044815,3.52878601787909,-0.21526395877851728,1.0918856936364687,-2.7583489877260603,-0.9004926367735856,1.4128942192000642
-3.448183541217512,-1.424622455711258,-0.08872400425353706,-1.710727778689655,-0.10661671241467235,0.3432393035851105,-0.23800667668665362
-2.115960264030479,1.8493736050196123,-0.5566739791307631,-0.46435637588458467,-0.47491434347179246,-0.9919191792813601,-0.5089250330560664
-2.6913522049621292,1.4200617399417943,0.9691507729571668,-0.0028595244642006267,-1.2565183792996062,0.9415787073802717,0.1579387247097846
3.213916765177376,4.046756222649357,-2.7153844565069414,1.3286253416639562,-0.22167319681586187,-2.2047947767681446,0.519474949465196
-0.749271356349563,1.797638517132293,-0.5683658058122284,-0.5604989833232409,-0.9330960251622155,-1.61018705060225,-0.49834995395909093
-3.1590060374146827,-1.035749426821673,-1.4906841621095053,-0.5931683778982173,0.5140858511519389,0.3599158869736151,0.12324114892602249
13.056121858663445,0.9815132263977565,0.5988126755228687,1.4729309720870611,-0.5999130658167914,1.0217591840545592,-0.09549146834935648
-2.2286798134422194,0.667410636380441,-1.0915603405196967,-1.0783017194701783,-0.29912911958647376,-1.4408755697058728,0.21175572062719375
-2.4928310356116072,2.5986862679957197,1.6697255617274924,0.6334860009846707,-1.1567474934936854,-1.096408181871772,0.20389707977224308
-0.10335042641398749,2.280143536856827,2.1095627900316334,-0.35184599219680907,0.6224819782982172,-1.4599863401145783,-1.0410339228216987
3.591294118690598,3.926333155212097,2.047006729297744,-0.2317663345466681,5.465263817670825,0.8338569492876785,0.41153633008939344
-1.3489486828722494,3.556225100465865,1.732191277243757,-0.046990744384862365,-0.34525100239626805,-1.2628874147380513,0.10585563191858617
-2.510117675558594,3.2513195035015023,-1.6876243932740524,1.18996141089813,-0.4555870487826529,-1.7079419736443484,0.5124384167147774
-2.0460295724518565,0.30488486674437615,-0.5338387058877799,-0.4898417502636867,-0.06791210851248297,-1.3389297824175457,0.4599115787461565
-2.0970691694487194,3.6670958835452634,3.6322004791971634,1.5397868534208854,2.236529855318504,-2.295705798605675,-0.9194047750622336
3.110527693352181,1.5693895561962345,-2.6139361255409512,0.6184677316573224,-1.1817793061676563,-0.7682309909986159,-0.20697779598237356
4.956725570002297,2.384846218716713,-1.9351070932502161,-0.6108412325743297,-0.14820972802977542,-1.4938059577534155,0.4268071616478874
0.8510142626646725,-2.3067353675280096,0.5674619180759454,-0.04362524903034204,-2.0940465193724487,4.979535809975625,-0.9926414219086827
-2.9659992066225715,0.37150648225223826,-2.0665331595935648,2.0725062990632077,0.1630376815771944,-0.4383858234927996,0.05698425053182467
3.3341331980203517,-1.3255573541236587,0.7280136640548062,1.0031987131103457,-0.9337069429835144,-0.5801239703979865,-0.2507703093983927
12.89461213396896,2.3166224643942472,6.328697007293902,1.9422039911119235,-3.160227633822726,-0.9470534253397906,-1.2968792235310018
-0.7707436775320119,-0.06410921999256797,-1.1344087971271672,2.510463104406888,0.020237027361367278,0.18085268356667944,-0.5034842132439382
-2.202515523782406,-0.7356052301956376,0.26708009849276115,-0.0376195195310913,2.934036531304296,-0.2474677650878612,-0.19145534977677464
-3.1434122456027063,-1.8774090266692665,-0.6703690408220189,0.30333192286727073,0.4080694050731491,-0.22712007153117433,0.3216273012655498
-0.6388804999703294,-0.91136602879799,-2.1427241627880163,-2.1409156579216626,-0.42913975078038313,0.14888223524973493,-0.041630437736621846
1.9191334226485004,-3.5380823683878657,1.2549245276885783,0.3359990800203546,0.5890689654575741,1.4685278835667999,-0.14472332603680668
1.4088683633928158,1.3049294063552914,0.6414287693802249,1.8869563709798245,-0.03625199749648388,-0.5342971774906309,-1.2663727915760885
4.643691316587363,-1.4820171693910282,-1.170680553352201,-1.2186055251407593,0.1780725578395466,0.6786615369879541,-0.7409594187891251
-1.8774673636140533,1.4232306440378042,-1.0708121946781852,1.7093329684294714,-0.8845491055129521,0.6546274198801155,0.3147356828339939
1.432069426797439,-1.0496039490885931,-1.2620113212390713,0.5331890568743347,-0.626696603848658,-0.7859161717518516,-0.6215554471197452
1.352627025394286,-1.1541414717290017,-1.2097932663596238,-0.8281065029160736,-0.9868073423291442,0.686974890110352,-0.31350772372231595
-0.7091148317236308,-1.5682323235088835,-0.6699940901235686,1.6872639560002642,0.3393148094266852,0.24635850471974358,-0.8395510703749117
2.1714160183039684,-2.82626072612375,-0.5621074925927848,-0.6608316240937256,-0.47497013261677234,-0.3844465257102726,-0.138893360628385
-1.9768403553186409,-0.4193874469184842,-0.3805751690985245,-1.7394602091059448,-0.3086381631696028,-0.712280420272888,-0.31736122732569
-2.6007895040208746,-0.482335467494323,1.872372710095143,-0.4380183189768392,0.016082782992227426,-2.0410093791718036,-0.004721140163098479
-3.258007359468893,-0.41832140569539045,-0.6918056278932829,0.6598536095115352,0.12156622777593452,0.06728870805052649,-0.4390689976865494
3.782026455580273,0.8603815975237679,3.67100068936039,2.047820176533024,-2.183790087222453,1.4742366547956072,-0.5633489331649975
-1.9920347221454218,1.3293551725054658,1.1352445446341108,2.046433208125589,-0.25212777957417015,-1.7570828297804484,-1.395872138467697
-5.015008689975809,0.5746999790548176,-0.8424381482480109,2.1696626775431365,-0.8820022060122584,0.9319354929785817,1.1334910480765465
1.3450204377376285,-1.2747709560422442,0.5558435473492891,0.5748715237676242,-0.4708492454667935,-0.17410010929496073,0.5623465264711764
-2.455968810688046,0.8984552923634698,0.35313348002737116,-0.36799158805521504,-1.104286828751387,-0.7788873286567151,0.1692603544474012
-1.837281669517431,-0.09102676545715473,-1.4452808651437827,0.6725485426076973,-0.1361989206483701,1.0742421416030017,0.0990552725997688
-4.346489712228622,-0.8935722661901384,0.6392560329081952,0.42562691120376517,0.9564423503516368,-0.09919844644383077,0.3470500402954111
-0.732812916143764,3.7021823827951073,0.6585050181232288,2.236127459323456,-0.33646743312053506,-0.38253769262936027,1.3619835958353508
2.3999978431541833,4.837988819756904,-1.0281570383139276,0.342916841264182,-2.3918727434229448,5.134227798384428,-0.7879231819687572
0.39309866393165943,1.0830680630279448,2.24760550578363,-0.4618585987150155,1.691628544339131,1.5552200403670335,0.6737491991624971
-0.41232781279562253,-0.38963131709829946,-1.0457704065390454,1.3662456908817138,0.8635071255110108,-0.3523601124836093,-0.886228801384809
-3.049924940451467,-2.2377845222719026,-0.4694529821327977,0.18277472930064803,1.5758460410549313,0.4088015280627035,0.48999029702732716
-1.4425637316070987,0.30587044946826225,0.5515478510418703,0.3560740409417943,-2.702919035745567,1.499707701050279,-0.8312799878702906
0.08318610261277622,7.150359800006227,-0.060009971500318074,-1.803081802880817,0.7381126142747735,-0.5642204644700086,1.6258067764047084
7.093306714189315,12.573194228678522,7.358708081714856,1.225341552867296,7.490433692443607,0.8147305400938627,-1.6810501323919709
-3.7434045429961773,0.25050152676715426,-0.09738325219215006,1.9321470877970677,-1.0435915483616311,0.1542178432784307,-0.5852945590528508
-0.9691728143623521,0.9449443023490565,-0.8908112598417632,1.0965323077207383,-0.6135024327695718,0.9708910524553718,-0.42799595939889007
-2.4187199081229602,0.005552412982823477,-0.7983803838211416,-0.07089207074919719,-0.07730987851343143,0.865506468955162,0.10702089905513408
4.100787726595185,-0.37880382017235154,1.4463175319906312,0.7023685667078162,0.0006649933044870159,-1.0360963832283632,-0.31772098666572
-0.7516030055354341,-3.070648658484427,1.4491816782802454,-0.9534258737705736,0.8919287394900283,1.297236614445043,-0.22158745380183223
-3.654646528253546,-0.674648741850021,-0.9069859870885173,1.5111613105521255,0.2938121005874577,-0.41395189054400783,0.1420717209685158
-4.680211576012842,-1.1038572475926978,-0.2573081776852202,1.2464757144387375,0.41461837648283095,0.15341613823832775,0.9062285740763166
-0.5977817666137694,1.7856508751060607,1.4817359679259385,-0.17787223750951278,-1.589226550350066,0.5892961364911724,-0.034918779794509296
3.3873307646410935,-2.9110371071738337,3.0072377534554398,2.8282878329538206,0.5083464504918931,0.5893891572452133,-0.8318227353625232
6.1498861899661,-2.017652754781074,-1.5661437179981865,0.9716460653781617,-0.3363699216976127,0.34372463488699245,-0.07077556046960293
-1.3250313470426625,1.4692940245331338,0.8484213778199134,-1.1427664666200261,-0.04782174391167299,-1.8916327568084996,0.029067192872776385
5.494152797674741,-4.165829305476933,-0.6012607661380436,0.1496996984227721,0.6255664479534782,1.0430387994519297,-0.07048465672624762
-2.9974032071314904,-2.7388610518598138,-0.16118378030219652,-0.4131697989044562,0.4055461362322615,0.7240925466557422,-0.4227453453056583
-4.386732721106602,0.006872281278994981,-0.9481082366197808,2.7980057796107785,0.44573087612584633,-1.6880824567157215,0.2823636912131086
1.213634612147904,-2.039038957379327,0.9806961768258494,0.23896611516224783,0.08576867319319198,0.6266564059614678,-0.35194033335222824
5.069661081475341,-1.7851523342604958,1.173647068377956,-0.693732831518224,0.6486555598393907,-1.9783923737096727,1.5988723504125868
-1.9777014396332304,-1.842779420639807,-0.27735975998648227,0.5497499042781341,-0.20689629580462546,-0.28386446618647926,-0.5541367415952937
-2.514876418889988,0.11425229888415062,-0.49662277152014367,2.3543471201062243,-0.6893749475418807,-0.044258956897082175,-1.0484258479368074
-0.9474878917479537,-1.6847535464245222,-0.35118634199304455,-0.5772107412623002,-0.3415421338850248,-0.42263863784192945,0.03577347479338292
2.8193683434660466,1.265103132163656,-2.1531442403089764,2.708459042181109,-0.04004445970837538,-0.5662738273205955,-0.26748339652361935
-3.483986298020004,1.6196919825568976,2.6754693892339123,1.25361380593393,-0.5989814171772319,-1.3438766173960395,-1.0274299004160128
-4.65872957796613,-0.22291481503257854,1.5593586618863018,0.5110923193880971,-1.896940835118128,1.347317635420432,0.2725682956367062
-5.3516181149366275,1.0267578586053607,0.32498592444975494,1.3686824278788694,-0.9186613692566159,0.22103697067636116,1.1251522142545904
1.1708977789054436,7.014486578698101,4.27186199196935,-0.33263982627149347,2.909444778927615,-0.3891475937779802,0.7141966166341637
2.9563018671442363,0.7064218520962697,-1.0423354420286663,-0.5221495724139514,1.4136356074554455,-0.2689430689045747,-0.9953716539669981
-4.975702062159758,-3.386204867391142,0.4398384094372671,-1.5775699793648594,1.0337957308929253,0.9267815828625282,0.4523863423595223
-4.064025658740142,-1.2461661741984265,0.5744778366294551,1.705393070030901,0.6158644594296361,-1.5091337669649219,0.333293857411216
9.512669844166357,-5.603484192726068,-0.6372394031041453,0.22422119834736753,-0.4065435291677492,-0.8366143008453605,-0.7146623738334116
9.00716552629228,0.5810310772838652,-3.1347151984641015,-0.8622695939651728,0.045722044651999444,0.7257742372316636,0.8458904988392706
0.7588784847610696,-1.6085325756435822,-1.5150957144878,-1.0760600255095882,-0.049234629609547394,0.09433166387936703,-0.06081196976251042
-2.6593596153532886,0.5399358008970774,1.7070147054728129,1.2017513145843675,2.3547418477400526,-1.004405801329706,-0.2668900852830833
-0.3900189810589219,-0.9892423529287849,-2.5851692408804334,-0.7845271944038018,0.7343112538276796,0.18373765113009105,0.6915823217504878
-3.889065527186773,0.8160717107750074,1.015717266048552,0.8249184590940236,-2.13357277674871,-0.7937243971541584,0.43744360813202615
0.36487615184075667,-3.5744612259285278,-2.223978533134075,0.22316803751486236,0.7785309681381358,0.5102303521833556,-0.5627929560710766
-2.8358909181565215,-0.3987296940121924,-0.3474450885882129,0.8132475206656102,-0.03928068859438633,-0.6355226034540687,-0.5978512299553127
-3.3102836207396287,0.15574119498520342,0.5414789422238078,-0.5124839095453356,-1.7878791217949623,0.6958502976361558,-0.9106874780535816
-3.3573044025551826,-1.1037324235664463,0.15208980466694522,0.8281880279499023,0.7342592404217153,0.6926263936945048,-0.1877493102417804
6.523116620292805,8.011169611598756,-0.3264236973919135,-2.7717985232772056,1.5989318471342227,3.67211934640159,0.46719961245658
-1.7177351761078496,-0.5431655272763868,3.2983752533289694,-0.08733074582306,0.08417355063056087,1.0050589254734128,1.0007104269676896
-5.565735898981082,-0.4778475788072567,4.127462746023787,-2.352490760258939,-1.0524610094264863,2.093502232873518,1.1673873343947443
1.7796614892323588,2.7765871696774127,-0.9427628490848586,-3.074352196947392,-0.6951330976313219,-1.201365740370286,0.62884036268781
2.611484893160507,1.561421709149274,-0.2181869536547451,-0.4927752647848796,1.1043873825128594,0.0058185928593302945,-0.863918294422511
-2.8190385096119353,-0.9701105669674905,-0.3825914385504016,0.4637906008298272,0.5517868439661078,1.2084608474885572,-0.36626002272589775
2.4984388777239834,2.278482852097616,1.3194785753218512,-1.180838554070687,-1.8997302529764837,-1.7001027310460324,-0.903839032669725
1.2770271752993336,-2.443258964273784,2.4663169862406913,-0.12989056168665267,2.1553061239598605,1.2180658216584905,-0.01817796466114809
3.4731973428500704,-2.2778489100427817,-1.238684065571147,-1.1131409688249436,1.0092590231065506,0.3217732253341736,0.16813196119056217
1.2566751119853172,0.38239326437188387,-3.8383203827020504,-0.7169201291303963,-0.6511561498936143,1.2192628435313653,0.02196859781636836
-1.4734313692163157,0.11689025652657246,-0.21466786443873073,-0.49080885478851866,-0.7138418009047593,-0.5411875140252125,-0.1669314709046182
1.649460695934061,-2.1022910706395814,-0.9752715916388863,0.18804368374523267,0.9168261711712156,-0.32970020050767834,-0.7278906602801652
9.036589480305238,-0.6551728250902186,0.22128007692197016,-0.7647306172828929,0.5648966396011286,-0.3322329605618809,-2.6706004841336295
4.554590064788047,3.0866391558881214,-2.270404306355486,-2.1911191780702906,-3.4613552419787554,-1.1797144964321558,0.01308073812825811
-0.7811899668984479,0.6528492587504984,-0.6436569974437192,0.21446824394068167,-0.4376799042282513,-0.16048948550055794,0.18723510852163613
-0.22309260678401355,-0.7018214902322882,-2.2707620397373667,0.9986314980201036,0.6464879185335229,0.04292906275826522,0.3411804262427175
-3.45489538609584,1.3069387228364107,-0.029264517645481353,0.33050375476145555,-1.8619115943801408,-0.32834034552038843,-0.4426281854190251
0.44654439641740745,-2.787707740768307,0.44438226991796204,0.4720285415207834,-0.5299896169280935,1.656590303741896,-0.16937066678317686
0.3144382259614628,2.0775607279208277,-2.083311869185311,-1.0685397969141115,-0.21786951552804995,1.1898434420227553,0.8621809989527337
-2.059191942545393,-2.4727877878058266,-1.4617188178856173,1.8680819074467436,1.8385631428737366,-0.5250227041176502,-0.09890202051678425
4.808969244731832,-3.0291029673897873,2.7440186759885026,0.28336361303695545,0.19396456387629896,0.9849839012362406,-1.5415621302285154
-2.9987105282381763,-0.39677802824528247,-0.5964659390372131,-0.20804493709345595,0.5683597796633623,-0.3727862599775459,0.40296321493165366
12.285019759541434,-7.5434101693054885,10.112423747094628,5.194270005648276,-3.8525069319243697,-0.8774991518650109,5.417219263669703
3.3721965906436906,2.5878254279793245,7.092074811672974,-0.3674947378344812,2.770573104924818,-4.217767525301183,-4.084684322239731
2.5087663116225563,2.614648477541323,0.20638033506547487,-1.8947458458948279,-2.1247656289414576,2.465074608976895,-0.7767102229061947
1.318068476542634,2.1544795011177515,-1.7866325776203436,-0.010169665205247895,0.16715237433716398,0.569093809847902,-0.0376143887417802
-0.38875629875561346,2.276797894739397,0.6273320745144425,-0.4297269988862203,0.11938017527360074,0.8498936388186028,-0.9042419208247184
-2.7569329912570324,1.0868346854768562,1.7072381598321487,-0.5168313730762117,0.8070226998224337,1.7854864565245925,0.49691274877235614
4.943581014506628,-2.848324457732522,0.9138788144500721,0.33518400860946734,-0.48332591945164793,0.3553753638809621,0.4848637107086043
4.298077329827853,-4.666275179129379,-0.006841008371699841,-3.653384895811723,0.17870292898715615,-0.9138734208614162,0.6715823494333121
-2.3735018019750127,-0.733402563977892,-1.526027488118846,1.8533295861732104,1.1831180587513637,-0.8578711923112778,0.6587212421829443
-0.9671903116026491,0.4384381816155831,-1.4476962674759797,1.9903614236516485,-0.09396608366089132,0.29301298924562064,-0.11255668270108075
-2.9757987879409,1.8109737757240085,-0.22343526886632678,0.3916351992352398,-1.5293707831811376,0.04680177788250902,0.4466315780973059
1.803247020466665,0.16646095723338208,-2.628599564709474,-0.6437414800701653,-0.5218823638274638,0.5697925629548789,0.3323433603403897
-2.478359512372219,-1.4185764468645436,-0.3165332429274198,0.32850273878218467,0.6620125983838681,-0.4467463259837784,-0.06841444590821458
-0.8260392924374986,-1.2502474730589632,0.26796072660753106,2.31062646153372,-1.0148136142114204,0.9016299166219747,-0.8023235760109624
-3.8946973283395496,0.5385707445033888,-0.8815587237804857,1.038799995690222,-0.8090288808723488,-0.6909989049114916,0.5066875181168903
-0.3895780902174112,-0.6144154700225489,-1.3528692464004592,1.1751923119850956,1.7898932912438539,0.9602687033772851,-0.04008082225984936
-1.4573213567984846,-0.20172675700990556,-1.0988787344535427,-2.005774968116215,1.4785622277940362,-0.08537961606711028,0.6043601097994531
2.7555680011537396,3.4657736038397093,-2.4740508565949284,-1.0082788485493617,0.15513599761390442,-0.7014087460283105,0.27025235158891114
3.2572546734788133,-0.1252004920344244,-2.8960974556390053,0.7495901174196098,-0.3528555574351558,-0.804943733444395,-1.3954082833127273
-4.019140240564172,-1.3542473809817699,-0.36047271449737595,-2.6357977618072486,0.7352450114789574,1.5182776944851706,0.5786050260335376
-3.676413293167364,-1.2916290603284606,0.424610306787305,-4.601709853948267,-0.7409092092097658,1.0397368035306624,0.6769928572543943
3.316324113446771,-3.9391522592523875,-0.20545368058813673,-2.11822364356106,0.96998079589866,-0.8908139054209914,-0.09268996689155266
-4.03660736175797,1.1625461079531387,0.18974782577381716,0.9405169972260643,-0.5655989262071517,-0.8067387016769001,-0.1593375802648278
-2.3342333502302335,-1.3489797321876602,0.23268701919656198,-1.2129139172053074,0.0515748880378429,-1.2367192920971328,-0.17422339516945262
8.403847113457498,-4.153904776612472,0.046969075234331366,-0.5518427613579462,-0.2880803443097918,-0.507059130456499,0.7191130709020633
2.647568633083631,-3.951172951487568,1.3718813340605878,0.207819250913923,1.4050541838727164,-0.9045129526744781,-0.3237684926667025
-0.6817688659204065,-1.1359911306162604,1.2336664710037166,-3.8645001377605093,1.428352131199894,-1.2914292814799961,0.07533421421596566
3.3502957906354167,-2.1545700266626295,-1.1089437206506443,-4.349007677387156,0.062384392910301796,-0.6857157282429646,-0.216543796485574
-2.2277205188196936,-1.2149996868114281,-0.19241377550312044,1.471278137039899,0.01971513929546376,-0.05893764044855911,-0.6902928767277061
-4.4775846557304755,-1.7411293624733248,-0.8882070880019675,0.7646525413823684,0.6051400089875126,1.0045710276215498,0.23266834534825803
1.3226214188389382,4.789476583869907,-0.6625351224801543,-1.02119580570308,2.1500245057498777,0.4504483738253399,1.1174158102477012
-1.8500898601405207,-1.5841281496577793,1.2639172257502584,-0.8021025971984934,0.7114115946310504,1.596613679273115,0.08109920431121109
3.7955656418249704,-1.0262326419361378,0.8986356352926849,-0.7604604590473545,-0.7578474673033802,-0.5227298528611526,-1.3884947158290148
-2.281318099239502,2.077685979672937,2.4306490301672583,-1.1860598139939258,-2.8590033149675436,-0.9990287358761962,-1.089764106243274
-3.22877011827738,-1.1720734786955227,0.26466432976534743,-1.0029445748563297,0.894467619077265,0.6292250337100819,-0.24996820763751873
1.0259007876487494,2.361261944320933,-1.6168855931599262,1.14596324591064,4.144478536625519,-0.20752880845022623,0.7360684306445127
-2.5825558372816815,0.7292131140786898,-0.5481427872298416,-2.3320791776757726,-1.8352650060158489,0.14016622442495938,0.12196587279020353
-2.485883225506347,0.460596402682425,-0.5989203402625317,0.998717633564952,-0.4303238629774211,-0.37962170233333276,-0.33155241456271484
7.143842039052904,-2.0748422326200413,1.0883873372922575,0.7163335029838059,0.8199009914005798,1.1445482754809453,-0.2895373480187519
-3.0324811407725965,-0.6494687998577648,0.3106826673316164,0.5802825039396313,-0.7328849003128373,0.5720082643944312,-0.008425438645487672
7.08501064878764,0.5282231716862014,-1.279987043224981,0.6515632923028427,1.8538248218002324,-1.8112999002625225,0.5354688465890648
1.3140990035987576,-1.7754258312624538,-1.672631766605748,0.6946200249405743,0.11281065370114861,-0.08752902886473672,-1.1197516395660272
3.7116495147797304,-2.807477110609507,-1.756193609490139,0.9041052352414416,-0.07098599762592145,-0.2061885559785047,-0.20422619393068492
0.4604790908477581,0.39416628852143215,-1.0046985455782451,1.075388245417387,-0.4275348119614624,-0.09140705527108815,-0.544688146455446
6.392649920534938,-1.8230941633210396,0.4798497266076058,-1.6964609875516412,0.5566773524925294,-0.10677238435549304,1.3422277290503324
5.255544949778239,3.894530989824521,-0.8338534467396668,1.6816008425906588,-0.7843269718711265,-1.387088874718945,-0.11000055720977792
8.733861502954,3.279877374952951,2.903699464422582,-0.2771881636240397,-1.061846867188227,-0.5676916847341903,0.790183738896497
3.6913178802285063,1.0656460674271768,-3.515589047812129,-4.773197016902421,-0.8024841391090772,-1.141591717742237,-0.003968321313569122
3.3782508726958786,-3.37122789204261,-1.7667777549872725,-2.077956970634194,-0.5977815272671358,-0.4907819672257111,-0.8248321579950305
-0.8402096538369327,-3.500085032183259,0.1824836534048768,-1.2425727071402433,-0.1085172679274298,-0.4169997816327624,-0.24964307530930846
3.2843726199731593,-0.9906732009428211,2.554386392206263,-0.12282697139738952,0.3508378844013645,1.4773840532158178,-0.06516679449549569
-1.9087689281363813,-3.1219458054749296,-1.0630561133946035,-1.0620669179695221,0.9572965470397192,0.3285351379515544,0.029948504687555652
1.614781925355918,-2.474573347873442,-1.9911347840528233,-0.3790911621882175,-0.44324872641560714,-0.24436682486187133,-0.6673851506761844
6.619726346836865,-6.003276417553643,0.989377758845256,-2.8867575758327852,-1.6953839040729726,-0.7996727419785146,2.2876677090093183
-1.464675933458778,1.6866318141555767,1.16990587039462,0.3256622465065094,-0.46487330616568767,1.248418997550084,0.11576586206310673
-2.0121524285187693,-1.1034865581448539,1.338024079714648,-1.6156796384099172,0.6917208028389733,0.5411901874648479,0.09314563019699026
-2.284340252070642,0.009493639196512782,-0.4504395420557845,0.29577974019175357,-0.8038675298255296,1.7790189334975133,-0.43526604214779074
-0.7397430856449485,3.1525206050711527,1.4698578473041148,-0.31489361900090385,0.9476892918041627,-0.5314411245095111,-0.27977543833641905
-4.506562510681537,-3.1692725878735355,-0.18806158843615597,0.39116006071506987,1.385206648630914,1.1387789354328004,0.149403934728393
-3.158754301407416,0.4103017949685593,-1.1088172045342604,1.9716188331519702,-0.058587118567584404,-0.2824146513927841,-0.07926823728003257
7.676149471669645,-3.0753063039954482,1.4819594123267337,0.5524018659793017,0.8862053426913886,-0.0825274993497222,1.652122445345982
-3.6391359671594388,1.5895870640296268,0.7162798064909729,0.6703852398419785,-1.5773311407373818,-0.7452729761837333,-0.3065468234195082
0.33734549264382896,-3.1443734576469224,-0.11572148197426413,-1.8152952897397918,0.03529317831503984,-0.7162118541162849,-0.05513283683689642
-1.2765833791515422,0.8490529834604231,3.0700681561656555,1.1664974935882437,-2.678124207434269,-1.3605087184191356,-1.6491278747402371
-4.346014054230488,-0.3219780568013974,0.3884747010967209,1.1071472370347284,-1.503332715823992,0.5377922029686877,-0.17701709406113506
0.017430791487395392,-3.4593432912027593,0.30692080144918443,0.47556989756386336,0.40073659271162104,-0.15690746258458824,-1.8742150537992806
-3.4924260372868656,-2.634082400764152,-0.07218764240633245,-0.30797777022047884,0.5250156910421215,0.23338979819990535,0.1135726771007378
-1.8665488536842108,-0.902064209682512,-0.8711686907326858,1.028814472255022,-0.23187710001893522,0.9163083942691534,-0.568784377501443
4.960268117827968,-1.3411230473901083,-1.4570533353535329,-1.4681981471462442,-0.612460103081683,-1.0858064422120355,-0.18592080773804132
-2.470722685223374,-0.13802626433783105,1.7948853032581682,1.5476271681055436,-0.6973621152310111,1.8685774082912823,-0.25477973642520657
3.7850601029234157,-1.9019074162697003,-1.7442419030926268,0.3922846200459014,-0.3392796976206258,0.12968393625207542,-1.277706737919884
2.6372557772722263,0.5771549958415219,-1.9946998246135987,0.2725491493682768,1.1967680346737362,-0.4878625323459537,0.039406028845369964
-1.3726850236666188,0.005805461425115016,1.5492892156170028,0.5844391534784995,3.004878478403989,-0.0013724529175990973,-0.8131483989567457
-4.138882573259068,-1.3765082402979778,0.8780486016227251,-0.0598562506053565,-0.5975966346886763,0.8320963154901011,0.3676673640369148
-0.6869402913907835,1.6950096246206945,1.0262128438932427,-0.8754781916089144,2.1746756083682786,-0.2967882614548503,0.8410946097785
-4.3121295827429025,-1.9784861330658448,-0.25130648668008293,1.5749111511036646,1.9834111468913733,0.46820741239872027,0.24523565818817258
0.4033094213764876,3.723434003640429,4.586469001104593,0.21591119678779605,0.8078009046325008,1.8261264093943061,-2.448851088894451
-3.0036057953214272,0.3541602274578672,1.2340149770109021,-0.7174567762745722,-1.312562233721663,1.9968669225940165,-0.44789065991451804
3.1340082054400344,4.273459558439521,5.866279514838564,0.5965830757367216,4.20102789622671,0.8712702444257654,1.4300725509068017
-0.4178368668818517,-0.8085765710523074,-1.0932914838531624,-0.08972977483986912,0.2570691814359358,0.24558889587756105,-0.2535035564861902
-1.420223135082112,1.3939781131568851,-0.8369868339964821,1.1054451331545403,-0.36440061452737676,0.08946610120278971,-0.26347489080407477
-2.870588347786154,-0.2686445091440114,-0.46898725899909105,-0.24550356801655443,-0.5579192926379751,0.41445107337577214,-0.6574580040433881
-3.3658457040713725,-0.8076006153541806,-0.8070794153089258,1.6636859949463678,0.05058623694228903,-0.6566330801794646,-0.18332634697259934
-3.3150001548360732,-1.4421762294498774,-0.5836326027461892,1.7849308358024008,-0.01927250794081107,0.6299781198008059,-0.005970850528950478
-4.769710159700073,-0.5429618596413305,0.8938680006186186,1.731061371830876,1.0017126198070918,0.9637677081510817,0.23667664280069697
-2.385882758420601,-0.8241155709057304,1.9839634866787794,0.05525545149633541,-0.505728447130296,-0.9895633581864687,0.5674865589825868
-2.787096009431117,-2.533034002938486,-0.8840343987299127,-0.2596746572417205,1.6478326341444363,0.9434646322451151,0.7521727558367363
-3.3938417715182942,0.7539639569981579,1.7717935601115173,-0.2766733103869085,-1.085902942076722,-0.028786663784553777,-0.41360505567645467
6.5902359433444255,-1.4848624499142589,0.3613399006336833,1.1884461738065666,-0.12091100993749113,-0.8927969840686986,1.1718532255627978
-1.4553305178966354,0.5919428677399607,1.1463403848993783,0.07901729274548978,1.0877387884811283,1.057979656767858,0.06425070397024461
7.182933102086262,0.05514606018737852,2.012917886135858,0.08277610237403879,-0.6657817622551502,0.42460339676052367,0.8016688817766703
-3.57883540344704,0.8915829916265132,0.26148740499521544,-0.2540957522038588,-0.5995934142387747,-1.7658711691960318,-0.30921816796068885
-3.0570326418734965,-0.17921338626514086,0.6217734459790188,0.2613983809391345,0.896735098019615,-0.5245687730459634,0.7093633932738322
-3.0744358315608604,-0.30605843546261907,1.2592536574618851,-2.2086266756883863,-0.6064117260262838,2.3580672879021707,0.013891714075944622
-3.853539733255717,-1.5247264225853268,-1.1445096448722214,0.8150505389525332,0.49305153398291607,0.2876053072090312,1.0467614139180692
-5.390256393774109,0.5562555046188571,0.5600700632026153,0.4718553833619115,-0.39979829838909386,1.4766592833520085,0.950501788384144
-4.657682334494783,-3.0653874336643394,-0.07600910991892229,1.5085163310956764,1.2728154231943467,0.5556950798672278,0.5525494353303765
-4.027542388108068,-2.5429070434441408,0.35321712939199146,1.5143875042410384,0.6674986646771152,-0.09625750457002775,0.8397683803075342
-3.3478219416102117,-0.06856304781817571,-0.27019328888929883,-0.6276363367759203,-1.1256875357644551,1.3499856604759766,-0.3753642332535951
-3.2998420114682903,-3.1387093942090694,0.1488923708055854,0.7424907363412983,0.39445081239374036,0.6412729897697155,-0.17142596614064756
-2.1364041423511355,-0.004392848638496615,-0.0551389570154125,1.7881128791016392,1.30044544207583,-0.0631175736297077,0.414766653465763
-4.038017141736997,-0.24069805436710418,-1.3281267494695406,2.4402322583107248,0.2773892913989238,1.693652095358458,0.414210574417923
-3.7654145532586294,4.398200493289127,3.950207841998918,-0.3072682812815621,-4.789656332217359,0.9662760106380753,0.024302965560074517
-4.871239383480867,-2.339214787421023,-0.16829482806235962,0.6948898423046893,0.8209388454249764,-0.8244920287580221,0.24284651362773615
-4.747248516354596,-1.7984019755421992,0.16972019757857185,1.5516108420633439,0.5351374863973332,0.7915806822884883,0.058144756727320564
1.8953162763188454,-2.392238003049706,-1.6764913002997726,0.7120282345785974,0.38340190565269583,-0.3924228513429631,-0.5987176965602001
1.5729311406089737,6.509099306788018,2.167158980768513,0.030075885990852983,1.053411177279155,1.108942585954244,0.25376317208045124
-4.026620252659342,-1.4022064621622243,3.1864999036271833,0.019552277192555305,0.17964845509318053,0.9192954807147016,-0.21099348797193843
-1.2948661700949906,3.470808639312663,1.1095279782143226,0.7666793608356044,0.21051018018263326,-0.8404568427163773,0.2103046000416642
1.8348404671476901,-4.321522964467138,0.3166853298868882,0.9971895482674421,0.2546886541671341,1.6548002307784544,-0.758875507014831
-1.810380558891325,0.3962073022435606,-1.2303341229543103,1.2766563250282474,0.007076807637434743,-1.7824078783959103,-0.12917390222135675
7.2364853143920005,-0.035701797122105194,-2.841066628067316,0.03864184049814127,-2.4547364891046417,2.500021240251909,-0.8616782598710545
-3.1456501885211114,-0.742526542025364,-0.862351507021217,0.7551636526622045,0.30012500076228615,-0.16553735088768734,0.6998574995759557
-2.88726805823951,-0.4647316245415411,-0.4757433379564518,0.7623019423345387,-0.8532163628816124,-0.3062886280483779,-0.4085690514862938
-3.1496539838209325,-1.7712483965455077,-0.03583368761949133,1.5072396418883909,0.35330420725187495,-1.1630167613140445,-0.09411200883494539
-4.628379483050079,-1.8356183618885455,0.06423097211539788,0.0941931394905093,0.8004591711358622,-0.1696204859328525,0.8792928576892003
2.250510374099616,-0.3485359403968553,-1.0647508694685368,-0.23175940484530405,-1.004500719588889,-0.8745519407375282,-0.8706844304545991
2.1078012278782885,1.1219739434409484,1.7751582214774786,0.2626753019029498,-0.9608109188674478,0.056849898542505856,-0.8516752528473142
1.785949980319216,-0.26922163567289265,-1.722515336361667,1.032686954356437,1.1851104030036423,-0.1304787083874369,-0.5503745648061855
-0.5276966174016189,1.2658716232564489,-0.9204411162248917,0.42947156793003993,0.5607830950281583,1.2521714523142848,0.4216975763454526
-3.213500980500868,1.1034431417867787,1.6119811675673437,-0.48643346825127287,-3.4592498547394173,0.8597651594301572,-0.8435035738875128
-4.386422966517999,-0.7611037296113777,-0.40059742138206567,0.5868569411826562,-0.37657920136710366,0.5357661561995634,0.7327460704692078
-3.8100178698306615,-0.9099185549027128,0.4431676789829843,-0.9504232047804423,-0.3516360143267894,-0.2777445568424864,-0.10289479800234873
3.3196739715199506,-1.5770528423794872,1.3607285012134673,-0.6941430985219206,-0.9089304101376219,-1.1722173099780457,-0.33728586589998505
-2.3932759643301043,0.9900307776840357,-0.7575099477820136,1.5549829389974508,1.431458237564408,-0.3431904986530538,1.2091430944310184
4.680166262400176,-0.9685929539380898,-0.29127225659511846,-1.0742723599442083,-0.13255703482607037,0.5036914458932786,0.13320072824370233
-3.067695140604764,1.1358375684170803,0.3746225453195154,-0.6268540126207452,-1.4436940883556013,-0.19183719670866664,-0.16990883708862656
7.3532185750278956,-5.24262314257036,0.31695581762329555,0.43203974278769236,-0.7060339798497374,-1.2631862706365227,0.16917648879010458
0.29531318324779665,0.22693503616202523,-1.0894165936379576,0.9474227405246088,0.7290947882454984,0.5800103854325658,0.1084132047194798
-1.9389694969467197,2.5449881124613514,-1.001423531895259,0.02573985190734479,1.206099162050352,0.7321001591123332,0.8164745386476147
-2.077178921430977,1.8065194888372929,-1.167079419666356,1.142229876476903,-0.4135714212356052,0.11823722051141411,-0.09909284808457071
4.975162358414947,-1.3325721796152097,0.8709775695835561,-1.2921311815264747,-0.9619689040856443,2.5813129498165317,-1.2332042236974967
-2.1769168795842124,0.9589112593874776,-0.23426487018088135,1.8544727414564641,-1.4817807457406844,-0.7693427599593341,-0.38973819857395287
-2.4315514550090103,3.447203866783425,3.4569448433707244,0.49365995567124626,-1.0457570448539244,-1.0088397190015699,-0.3755648838362372
-3.367965778878124,-0.5629288977240036,-0.19257365473607185,-0.5703792715689975,-0.3517286332696955,-0.040263069739189326,0.4884905373748371
-1.2065977905127079,-1.3170443381938337,-0.9307408058484219,1.7047899099350012,0.7187197466852053,0.6381882865555841,0.1716781444866034
-3.3260792487089827,0.4751715815403463,-0.8982857429225358,0.8134878600538815,-0.5853794718240386,-0.8823894377737651,0.08414341004213625
-1.928795402235246,1.4614697975696809,-0.10064251005290864,1.820764287089117,-1.9359411165946685,1.3142833340682571,0.12034224549954867
-4.041835089954522,-1.3569174566939906,0.5383416687329187,0.8339119186417652,0.1787470529996888,0.991709958759418,0.5653937730886549
6.182283741692322,5.108005449471074,0.5211405836082978,0.9407391907373294,-0.6065248742244427,2.4615945810866333,-1.4682105622000923
10.934298158426856,-3.7032540804833247,-0.891694071888282,2.343507578529285,-0.4887855970160212,0.19643647631230998,-0.10974094686350287
2.1184969319275506,0.2966290696064457,0.8674853936430023,-1.4502873917681964,-0.5395103672674673,-1.7333730638543448,-0.21699078821586346
-3.0121949701584483,0.24375997572806543,1.9837330373389168,1.679725697384114,1.703673887360426,1.8498053603494025,0.4983425566815473
-0.9826485812695361,0.7972523938811396,2.369421155594608,0.15692263568598136,1.5464297303143957,-0.2533225825070858,-0.9265812923328286
0.3578938625182036,2.1278386319954126,0.7082090398064479,0.1847447971434692,-0.10256996202360247,0.5631985104240677,-0.9873750506212853
-3.193917865505716,-1.849152073272372,0.09939835082345441,-0.022782509498783687,0.17900227645668654,-0.49281653486167515,0.17769913843486254
-2.9932333012444805,1.6313922059001316,2.556717908182683,1.345887160690052,0.04074033422908065,0.6169899730092789,0.5132238359788136
-3.1939141504686193,0.5793394420917469,0.48976422046716295,0.044594178632293535,-0.7236072489432303,-1.0373975033461256,1.2905865925764206
-4.591961853505453,-2.761127097239495,0.9805426285780386,0.36283846482227505,0.22008131421439503,0.69050427157479,0.3413958520110492
-2.4859161544122346,-1.1889394044418717,0.3487767891257314,-1.2562918600906445,-0.12939414971682425,0.5395822974190647,-0.1463146674756145
-2.3986653462113514,-0.2507447903247733,-0.3271378044542175,-0.2773729020425085,-0.35481456922145166,0.019372952868016366,-0.29243403668185447
-0.7796151997479087,-2.1243434274179376,0.3207888878326886,0.07924892194767305,-0.08581006198469063,-0.8931305412654255,-0.886610554659604
-3.139988425752806,-1.4880221619895575,-1.1988784892759732,0.4534493910038118,0.8409019592300845,0.3229172060043672,0.15569669069778094
2.73501177167548,-3.945168230499005,-0.01716948677437662,0.3001107580574259,0.28326716253797257,-0.5773144799099523,-0.6635510062106462
6.227025988689336,-1.390109691053832,2.734237190567731,-1.0931614810010144,-0.582658168779035,0.988929671264875,-0.7977454997611013
-2.223775745579289,-0.35716071079108147,-1.1016823288724467,0.1862226987514441,-0.23927494505851013,0.39849094012576886,-0.06455941791854643
5.30714002200119,-6.723414983535719,1.4856648508118324,1.7765107365815629,-1.0735537928825776,-0.8330771196320798,1.493290107956843
7.248001061273753,-3.655469129562134,-0.15570199941134327,1.2268287666094237,0.2975900347569033,-0.478343649787066,0.8450065568374444
4.207220618955451,1.1762428818289306,-1.5900181858292188,-0.9788433463974066,-0.11758117054087014,2.6701704579749657,-0.9416177043565283
-2.4996363741121446,-2.01853562681569,-0.7312745967087405,1.9850232778770944,1.1359555660056742,0.617819089412676,-0.4797270744612138
3.6350149466830755,-1.9564409103843121,-0.8287751361071645,1.3797525713636978,0.9944209307839016,0.2538549480645792,-1.1792829342361348
3.5192482750135228,-3.8586071201502183,-1.0225290614081728,1.3841433002420895,0.3206641649013217,-1.0310282555927397,-0.7473750663544266
-2.6149483072401796,-1.102474459381055,-1.240736002791328,0.9094764763142853,0.37848074887515837,1.6188669871845645,0.09393164797484194
-0.09610811657662768,-0.1298475828529796,-1.671464108297987,1.5274766916367906,0.40306746585653724,0.7766606166963468,-0.26168748360997396
2.044856934566943,6.426819839190368,1.27412124909429,-0.10974148942529889,4.6027164997089045,-0.0626429109016009,-0.3220027153253213
-3.0667495275573966,-2.1820956998038135,-0.2790626706061584,-2.938557393333308,0.4732345238380858,0.04897982305639472,0.3142310523294482
-1.6035864433861873,0.29259622243129807,-1.5862254319409677,0.9096983438361893,1.2358691801570474,1.0351625045150177,0.29825991734262713
3.765932154104969,5.985295348435208,-4.880361149350231,-1.1208727142373633,-0.5642370504774689,-0.932441850004314,0.5563822258636945
-0.9255666032078087,2.3024814303456993,-1.5961118582912612,1.676238382124121,-1.4269863511812186,-0.41360257135184847,-0.3268554573135374
-3.2883495941010263,0.2013113364184916,-0.6277562832810125,0.6128346818555405,0.1707681694332395,1.5132351053107451,0.11088374654056644
-1.5548521496523122,0.9798577293757129,1.1965597972721478,-1.7751769765905083,3.4991253015674464,0.31223386531860875,0.641606634352435
-0.3987799175813129,2.161212691844737,-0.9456050178112567,0.37248101745360435,1.0126507384324552,-0.5361615760560865,0.8246304660463702
-2.300567821333631,-0.9320775840394678,-1.1299532643106243,1.4523765710245282,1.5556402965022116,0.5146557095806011,-0.14018220423630257
-0.5429013641687829,-1.3170679101673382,0.99575452254882,-1.4848753999833026,0.20297799850887294,-0.6347794724687679,-1.20471729110329
-2.0588194558297808,0.3204351458128006,-0.1224584116949097,1.0208598944322929,2.079167638285293,0.8376368525892652,0.5377198292422765
-3.4245180552308847,-2.4455184118500948,0.04504874968504277,0.7861419082902177,1.603182301568466,1.270748694516434,0.33720240786841305
-0.4724065518531575,3.702829438613115,1.9537848870831824,0.9963165765491508,3.814395995554089,-0.9040768141583545,0.7054873732155708
4.703500731698839,-0.19595575484438205,3.7570329480035976,-1.00422770043205,0.3286508365503514,-0.252582562753532,-2.594847094810522
-3.6433802386141547,0.786859916392082,-1.1621457872905883,2.0988749274285254,-0.42406801716179376,0.15623055083948556,0.32449295516688154
-3.5946893435896996,2.6050872166990806,1.8520296363154263,0.08988542987940629,-2.442539770540563,-1.8504749395376738,1.5489495446759023
4.149097342448855,0.7674888443508874,-0.887974699105973,-0.008369548225657874,-0.6049797724870154,-1.0170897996552237,-0.005024120683275987
7.672141552626158,-0.8604841506606737,-2.1536501241011403,0.2547233746125334,-0.23647040805864059,0.48607418291907484,-0.40329770153633643
-2.0103794137575806,0.4296895605218877,-0.10408881296275067,-0.16029206038179677,-1.5095061288245044,-0.07670644745804132,-0.541618199683669
-2.9208334948368924,-1.7004724749888254,0.2957272490167232,-0.41417689035685984,0.3639198564815428,0.38680690505056836,-0.6432367146574743
-0.5007378002661367,0.10673146468453187,-1.0287479575384084,-0.3048847177438635,0.13912105102869474,-0.7447845350288498,-1.0677947147586306
-1.9114985749229865,-0.6513938798572443,1.4502884906809126,0.40070305279182056,2.0630023949979415,0.20388062356082856,-0.09958925157430971
-3.7850992277955924,-0.32614636749627346,-1.058080197853583,0.6060077539849719,1.5261555658300523,0.07310646981828035,1.2387289616101902
-2.708393968213482,-0.21966574165493533,-0.31450474982631715,0.055252912872404136,-0.0482540389735353,0.1691029617910226,0.687780855312214
6.289673469535029,2.0365473971342656,-3.182082266425466,0.1555435296971772,0.20248906123358917,-1.2579858450405381,-0.2861526264617367
-3.430770691238839,-0.9926100348372943,-0.7316945965028407,1.34372292657354,0.2358391430049598,-0.6918040020981294,-0.05208312251475481
-2.001388466389223,-0.2933264633837375,0.6192038889010871,-0.35251174571656463,1.1648198529921239,2.4301144986176313,0.20578459864797818
-2.4732930942871545,-0.3350470264930676,-1.4823620283793961,0.46523744989371735,0.0489927034281547,0.9379162955455761,0.022589291538741937
-3.6472577463942084,-1.24136512518271,1.3866245351281403,1.6139593537320345,-0.1729913932693566,0.5970636092278702,-0.29389088868356056
-2.3461868509424195,0.6827413168887649,1.1327338901016613,-0.30310373125349793,-0.541675676044734,-1.4185259409751858,0.05544213582536618
-1.1429969265477058,-1.9621714940294184,-1.2407197004619654,1.4790765729299096,0.4841825106766813,0.30437026169977893,-0.5355046117761926
-1.3508573033319764,0.3695739020305161,2.486675656972664,-1.1407176621343798,1.905864538899343,0.9309493452250005,0.7885685869422713
2.7633707862900603,-1.0786335090315855,-1.1796239441243437,0.41415907244082534,-0.16461154902950906,-0.45916410343720887,-0.7430197400475465
-1.9693236050366545,-0.1758485084311619,0.42073137633545715,-0.7863120037748165,-0.8612525213010251,1.5866873766754288,-0.5751025424798036
-2.931187055439993,-0.49485622913811184,-1.0170708912516775,-1.6864230172696857,-0.5657302170966917,-0.46892848307748736,-0.034214749030568696
-2.926374386150483,0.3773322571214207,-0.8867938375703437,-0.11534487111998498,-0.9856802469755256,-0.33445608055318465,-0.018664574013815535
-3.9961882774103654,0.9598560897763168,0.20440412868527238,-1.51023030142202,1.7092484390559484,-0.28569629562775845,1.2901076614901734
0.15513805946848985,-0.4380082282319311,-0.46144569683466297,-1.454533104078284,0.8558402817224188,1.2428748208987497,0.16944174908909806
-0.934090810373447,-2.1059455911648843,1.4329170271005305,-2.8942616646922033,-1.275415830321171,1.6266921174083349,-0.5476040282474511
-1.929621730255186,0.892466690076073,0.04234474806297545,-0.558884303365232,-1.280330238698051,0.11682942277000732,-0.46842299288778166
-2.6223386017039347,2.50210161797029,2.4349994992570574,-1.878013158046362,-3.1508166488517784,-0.7836538552171995,-0.18863218875630228
6.003616591373189,-0.09102922215333174,1.7112016700985055,0.9473749160740585,-1.175036068741428,-0.8562049645299475,2.50459616566422
-2.9218778045747436,-0.009212681102503267,-0.9013034826142078,1.7913285484526509,0.5769796710282857,-0.23980999656450414,0.6760032496881306
-3.3419448039492616,-0.022224730460861045,0.5033012014078239,-1.1422623205719387,-1.5647613960017606,0.16775780988482406,0.07552719037536396
-2.0149150334118895,0.7784521313204144,0.12557879392343277,-0.6597357793024818,-0.02192972178772065,0.6893207655293244,0.07556516069993192
1.988462105551326,2.3160480540140895,1.2363039421289923,1.769776072594754,0.14399580609983365,0.13359584513212694,0.36543706205299115
-1.6696039306005643,0.8623188526395799,-1.010306172432374,1.3238952193195441,-0.28156784894003545,-0.23939662238432383,-0.7280751839242012
-0.3711781135185412,0.11361265869439902,-0.9983635752221821,-0.15536988417838035,1.47595571676337,0.4759621421695438,-0.08897631105786832
-1.8489599298371764,2.5412296491762567,2.0053476116292464,0.4843720154870643,-3.508645446403295,0.5345345383934286,0.699634921278176
-4.703042202111233,-0.4323024307364167,0.005305087690086137,-1.3706086349331177,-0.08509958388861148,-0.33007390732260655,0.994737741626372
-1.283187150786219,2.5509093102530116,-0.08386034510532804,0.7715122498119926,0.5569105569619178,0.27000153394459087,0.5114146803192783
-2.3142468193050156,0.4020314772956683,0.27462319554425374,-1.6704631787770483,-0.5367110897128947,0.5083748134177658,-0.13889400925498502
-4.6590851764109535,-0.7822987564616704,0.19212192120585678,0.49368191192622957,0.5361221191864071,0.2260418109333656,0.2264514602174378
-3.94347338173483,-2.030016287060286,0.6917357213138681,0.5134062463784005,0.3401145547807011,-0.06509738064485494,0.05022620870922987
4.949858461550108,3.0060641292021995,-1.7540716861367167,-0.6723605161746864,2.8647737807104723,-0.3070810032365869,-0.6498335948559596
-0.915803519331322,2.47901312867841,0.3626066865372206,0.2619665184514701,0.13847177574513442,-0.9912359416190114,-0.05120349066800042
4.549111146627949,-0.8160005055481384,-0.5187550863109883,0.9163397745221599,-0.0714860186934931,-0.9308826516327963,-2.2564483709583514
4.4423428181310145,-0.992438897897358,1.4423190862201654,-0.5750345977292014,-0.3575899993032466,-0.029967413074015573,-0.3232774214832913
-2.194984301020592,-1.805353237746216,-0.43510940569172,0.9539430633231978,0.5538004201779969,-0.16861156391896157,-0.23544585751314787
0.6644409146912519,0.4368608556548227,-2.6807818782310266,-0.7292266179991436,-0.027787374369111516,-1.0820506667848548,-0.0010508143892369879
-2.240876053643134,-0.4545895114490168,-0.46552758806891736,0.18872465999528165,-0.8282932096222887,0.9533192397193458,0.6734784504712394
-2.1251804369201244,-1.1947969118047677,0.49037198738325527,0.8553963494811511,-0.10593586367309256,0.19534269690342945,-0.0034522341220600515
-2.6153174112222275,-1.8320604325909977,0.7643295557640388,-0.8231658593590412,-0.3007872453822813,0.08993781013526599,0.14634302836425336
-3.2109679756621508,-2.235142704166277,-0.16622442953719513,1.1300577997423036,1.2601888047427354,-0.10359137063955329,-0.23537316817112652
-0.30675039870785353,2.1849988333666666,0.03928624215564027,-0.4864556287434868,2.089449969045049,-1.1041435286125991,-0.13486221556072722
2.472356916773653,-1.4998247516737349,0.5914532151178298,-2.267351500341715,1.405840180284171,-0.9648581313984241,-0.8143027105373437
-3.45471837211287,-2.136461548171423,0.19716267170428473,1.5341768880571123,0.9428752994717436,-0.9371161033586035,0.6832630797387083
-3.900526848058524,0.7307759702638019,2.136071104512781,-0.7811728871706403,-0.832551496496164,0.8978211767431322,-0.8910793181587152
0.9817275418953908,-2.2104299471104385,-1.6999192298530388,0.9709720149603815,1.183258299827332,0.14365294745476456,-0.45711113249691704
-1.2572515710229821,1.0676915149434758,0.2594752699895489,-1.2417521408105736,-0.3932157879874036,-0.69977060790118,-0.4981815129723732
3.24541364890325,-1.778358632277558,-1.7931536723727282,-2.4850594608296577,0.5503521125909837,-0.5986124380678957,-0.4696013243833808
-1.557219412537018,-1.0379271063964222,-1.3012450790124368,0.6216725921157826,-0.37935339382422034,1.5356984492928125,-0.2907988542161308
-1.2492580966982796,-1.5888387893468159,-0.32641344047943377,-0.9253221277016134,1.5353498717804865,0.01206523343681437,-0.1011765789726664
4.331653344535905,-4.049332418331278,-0.19250552543561764,-0.2906134570917367,0.6108408047500941,-1.423588307697838,-0.6701408763512666
-1.0774513298933353,1.8036181631512853,1.781041630490019,-1.6289522502185994,3.7417539198513197,0.3424346525308539,0.9299644691840608
2.5117531022607604,-2.528807583395521,0.7982023062429732,-0.823674585645765,-0.42926394591801903,-1.8315347789492515,-2.4042988932567724
-2.217092305447845,0.02989128809455588,0.6364601353332382,-3.376701147519287,0.4799947280474611,-0.484646351125617,0.04299831181312798
-1.1738306467787554,-0.47483950502457617,-0.48157091181134554,2.1439593885003574,-0.24330052982710293,-0.48286045616468254,-0.5075109153157518
-2.8363014443334347,-1.0181258063239869,-1.486630003219994,0.45640567167800794,0.11470499442974179,0.9738357660018172,-0.15046125090908505
-1.8570858988747982,-1.5713931191145079,0.8264827444788935,-3.93024947494382,-0.22082665933947404,-1.1998402301859554,0.33678772704265886
-1.3286143729580846,0.7770956605632376,1.2567582294140234,-3.785543612333728,-1.2450630091160677,-0.22562438333532278,-0.7497635609216984
-2.802771356776176,-1.666301634254209,-0.19401832708269526,-2.23310742082521,-0.2052466815558656,-0.5721718048082289,-0.3615667724985289
-3.1745687967637317,-2.075733619391643,0.07490026826367066,-1.8698290287647146,-0.20932679993186004,-0.4825659249012898,-0.17958507918715919
-4.087077360931371,-0.48471007936069366,0.6313640086937953,-3.4027328432092836,-0.018224707777049234,-0.30982129428895877,0.23062639058927528
3.475493748130867,-1.6728843912266596,0.8568267992048022,-1.1567678797737815,-1.3825714329191223,-0.9999209134881306,1.1156336229462906
16.319233231031994,-7.775852804248051,6.235415554855189,2.3280731724913366,-1.709455953104588,-1.1248214678265682,4.962496327452384
-2.560115018016909,-2.4940454475524696,0.1703125867622439,-2.10975658598607,0.9792388447989039,0.48875514294719813,-0.04627062391763194
-2.968888795917071,-0.06884713568910009,-0.7784115655269561,-0.04666681363066601,0.2282068717302234,0.34489239439581937,-0.07660151886050802
-2.757430451020116,-1.7939187681258855,-0.7578141189390917,0.02411827956204548,1.283912383347746,-0.6588327049158783,-0.3132338153368481
1.3703398754406422,2.110011349121701,-0.8537202468911329,-0.7237684363926906,3.8243792108127095,0.22342034338280817,1.471379526611167
-0.4176644925528781,0.11651969702822744,-0.5361425958912994,-0.3641990626612329,1.5134570871729234,-0.5557006845590146,-0.21728684595773748
-3.8383986229812295,0.8991786485508177,0.700563949868938,-0.2199397673045558,-1.3371628915530867,0.07674450603616301,0.6410428046155392
5.930964859583869,1.2282966822613588,1.7215877555795642,-0.47358226201132364,2.8835393379958365,-1.1002377058954487,2.0243201352891136
0.6454786474866505,3.426011420952227,0.6082849579981665,0.23448622479905004,-1.2096985538169553,-2.427851382626581,-0.9417139935236153
-2.683846400979263,1.4435555289647544,0.3394035000855613,-0.24481701141284218,-0.7926918613561638,0.9256296944802025,0.4960040184727197
-2.0416640521055105,-0.9032559294447849,2.843241409945826,-2.8858314262651046,-1.0167094549768962,0.10446045718085072,0.3195856077072515
-1.3992963501120093,-1.772226245377806,-1.4795615607638253,1.3081089948054296,1.8053147465139876,0.6154644577507127,0.2802200840942224
-3.5364152954177652,-1.2468541534618018,3.3854111271305327,-4.6660509679044,-1.875727822596421,0.8903976312335077,0.9255097792568234
-1.9905294465908612,1.8994625506893918,-2.030998079019097,0.9119054687431944,1.2315544732094672,-0.4196278030277678,1.2878926021279817
-1.998185367129183,-0.20637113652569855,-1.641325073356016,1.0392104952540835,0.9042109602026736,0.3676287600018244,-0.34478063720280133
-0.5206581123170593,-0.9733678106769817,-0.32413538021473853,-0.543999368675497,1.42943670720113,-0.04919900370950044,0.22270262792673007
-3.1723704882482417,-2.0890522980358535,-0.9788057325551266,0.3870971040312018,1.4194755710666669,1.338365393838617,0.5370579908922548
-2.202710189056726,1.2860393186695729,-0.8873992153533211,0.701103048390095,0.1798211483159334,-0.024052100954322912,0.2729363419111277
3.824433042941165,2.3052363163771443,0.027546193439254667,0.6702588828133856,1.2897652202744498,0.8090946864159642,-1.568275716290125
-2.9854846903263734,-0.6733392442277566,-0.5904898836921559,-0.5943502866109694,0.4619692962875849,-0.5454030937320177,0.6173995442036655
-2.4810551072777014,-2.363958760525991,-0.43261456686138916,-0.3834696738429642,1.0381214017246319,-0.02046691679495458,0.5600933916357879
-1.2721114612782496,0.509833848293444,-2.2389916783955526,1.672376377566655,-0.11760644181495562,-0.015478846748503038,0.034229904552976254
-2.235156888078077,-1.2987044937051544,-0.9014368964630952,0.43409411497575084,0.18292602964136032,-0.16343264367034485,-0.23652212315084298
-0.056183104311735725,-0.22738339295599463,-2.2555156535549776,2.7106004261155654,0.8017853835836459,-0.9605697692780273,-1.0384062590407868
2.3173906062806537,4.389134334922117,1.7784111295615583,0.9694155881694138,2.645376588527191,1.557117102313198,-0.00741341591808618
-2.284331260851889,-2.466840756413279,-0.821188486467467,-0.04080319619877691,1.0927813026949218,-0.101014019877757,-0.24822160559639023
4.754614870668752,-1.4894235603784576,-1.2537511047083383,-0.05258699674098929,-0.09662477551147572,-0.35537301349058564,-0.6255166542330308
-1.7263109176879987,0.9981778354005324,-0.08023841604984865,1.064647059976404,-1.4356170248795417,-0.8660553278871135,-0.34293206564779194
-0.7417817670631597,-2.452034966108278,-1.99770994188427,-0.4579397643786428,0.26129108893859004,3.2035584976036415,0.16833284716284613
-2.894310661011965,-0.9779443192076614,-0.8056442410371286,-1.7207792579021213,-0.028983549109449842,0.2119039966424818,0.6725137135198784
-1.6545218459207927,-4.555664122445227,0.7523230680234059,1.648322818127836,1.4030728702026518,-0.5534032465348404,0.12242926656670576
3.1035197039278497,-1.236153211336589,1.2873550796581823,0.6086489057707257,-1.1222598881364534,0.930049623640905,-0.19737959431172777
-4.064270597765449,-0.5609542217248059,2.176684800661663,1.3758683589728509,0.1994651660544741,0.564736841207555,0.26888232564073744
-2.7933306574629646,-1.0778881331158552,0.8445421128614533,-1.11020755400488,0.00486966918631211,0.5656032856867755,0.46899165166560297
-1.4749199376087587,-1.5910942013854998,0.3199914442578669,-0.7988321509232827,0.1580575619861807,-0.4380661524903625,-1.0438262778475482
-0.2293946370432848,1.5159034180090336,-2.2162830056656233,0.5555697413936194,0.2512018835953369,-0.60256048998036,0.4100432140056949
-2.553258407613496,-0.7639004851777267,-1.609403118015903,0.059927868304774506,0.5058450058054512,0.2137969612176686,0.09832558170207101
3.715705103463405,-1.058686219514051,0.5219535630210195,1.3970017644327666,0.36861440206747337,-1.104610500895625,0.6344600026623602
5.094841843796656,-2.0192078340507664,-0.7093696957160731,-0.08279495368838109,0.38381690032135,-1.447935913464661,-0.5734944798868189
-0.600616113555981,-0.8384546630132845,-0.6870419696538249,1.1553338097876897,0.9824326045999284,-0.853230526277034,0.7055308873756623
2.7903998294337886,3.3855607718235565,-0.7530763224958134,-1.333181738236919,-1.5855316171887044,-0.5084176413480805,0.20716268823832523
-1.4087712143990503,1.505770592146534,-0.35389601743283133,1.1217407039016423,-1.8116702921081138,-0.24214538295588722,-1.0461585228654788
7.259178840793042,-5.495735719287867,1.9109258819794408,1.895716656468269,0.3963779211378502,0.06639142336844052,1.1539848648983233
1.298866548786069,7.729852801544611,-0.6889146563006656,2.892727403870422,-2.0153548762958615,-2.202856102982002,1.0259971745694378
1.0766932756334733,8.294775448775123,0.43419245843674514,1.9541898161094422,-1.3958720225710035,-3.5118781935491183,0.6047923820505171
-1.249760524772048,1.5956838545110161,-1.3564745816389754,0.12626747824587742,0.023420074991679554,-0.4851495807085895,-0.13607018688739186
-1.2569284056190155,4.117186681519056,-0.41272977060668803,1.0541736695540473,-1.1395269602231008,-1.949042912732395,0.4886229899422443
-1.1665352144776244,-1.6656937357126103,-0.7378780075700755,1.7621671166061892,0.7383522713562768,-0.8347113634999408,-1.4101275750836466
4.094142557240373,2.8029272496079347,-0.5074334200447618,-1.9773184078283674,0.1328251806253069,-1.6035214836136134,-1.054296049473649
-1.8876392413595013,1.672191738728831,0.11979761539481877,1.218215196609689,2.5680699127017648,0.25389178988506783,0.547736649311944
-2.7674357028460466,-2.1610487950224173,-0.021096169201026038,1.6102757342970062,0.7163787006179914,0.03300896119324271,-0.8760672647958497
2.2269944892059637,1.94163475901657,-2.28560349805942,-0.3398606819284176,-0.5368573156700067,-0.13682050439173382,0.39326334915677924
-1.1315768907450152,-1.411001965420105,-0.5650531256557194,1.9949607161439205,0.5284875674651459,0.07255810834748312,-0.1759690269873944
-0.7337724522411085,-1.9436971834232444,-0.2752361999418953,-0.33782314645503436,0.6609911481959767,-0.7743052229101455,-0.1455966729588328
-2.3336707368113836,0.7901466072892551,-0.35004340710994286,0.44085955843944374,-1.4225501718393907,0.04664905754608902,-1.0014034552842885
2.697223754399566,-1.9437099457678477,-0.9605644482176616,0.45950865236981975,-0.5844984180363716,-0.4917255087100626,-0.5172086090102792
3.379014667722389,-2.333428944961925,-1.201932179440052,0.5536129522146848,0.5278808022106909,-1.0185728262732492,-0.02613146449366736
-0.1998705801415311,1.0763600031270555,-0.6731488311899784,0.6284454996421582,-0.8402504078527229,-1.2875018007427466,0.7487130684225456
-1.1760259132353268,1.0113701777302317,-0.7117683065044733,1.0660684567937673,-1.4219009273235614,-0.26543958542902807,0.19444543344816936
-1.2926365392815633,4.964224702132631,0.34592702006924675,2.240534883405179,-3.8405298894812314,-0.5486177127702155,-0.814788983880825
8.630755859096045,-3.459451915076072,-0.17905679264440516,1.17716407000133,-0.022905287059550535,-0.006691028033917734,0.9620201295901408
-4.4294563710657835,-0.7860360357018081,-0.4734190928211453,-0.6966169884521294,0.10380442443058895,0.09718106670790537,0.7225180039289694
-0.6198387404461237,0.6363492701040994,-0.488851249502652,-0.015154457556361366,-0.1064066572049708,-0.6007163651402857,0.13930927835721546
-3.2523157686120374,1.2859251612593692,-0.21847648787760712,0.3078082325541585,-0.09942903763666841,-1.4031994931206642,0.9536158271792413
-3.352927053536592,2.673300597719781,-1.779087079067532,1.3895859891178866,-0.3544411029677159,-1.211273874281207,0.8167571416483577
-0.8598029860026027,0.09684852260130415,-2.8140447257800267,0.18432389798722254,-0.630075384972889,-0.3650391865104506,-0.04625674343925075
-3.156621968682841,-0.8715426236404181,-2.1957147876623426,1.4498676230025342,0.4314358754457811,0.32605711340453475,-0.09453354557089783
0.3465281132084092,1.541225275801936,2.846454005159921,1.9098114714040848,-0.5718343645736212,-1.6874945063371918,-1.7124115855904318
-2.4614066509244976,0.6008479692253256,-1.171465136577615,2.211053932193842,-0.6919118933802754,-0.8526901430616965,-0.02887396614488319
-1.5301007215874454,0.40521778929245444,0.6044647414844097,-0.3471714846944528,-0.7860472762929828,-1.1021305908391816,0.08702829372580347
-1.7735850660605696,0.8042100123847626,-2.027918042469094,-0.687333177443551,-0.6160920316421126,-0.2893278687590224,0.47345286934071423
-2.680441623965867,-1.4847089005284773,-1.74169338089122,1.023490613076555,0.29746875204932954,-0.19807776439737834,0.4341312620839897
4.028435261074221,-2.9414300980113035,1.659485395420079,0.22516730275648375,-0.5135947396173921,1.9362225480912802,-0.7282261749645249
-2.136351228598873,1.5185806390194967,0.17896523310853246,-0.5007767122095946,0.6830474441393432,-1.551675829154458,-0.7183276585745356
5.165410948305194,-2.3822032315181256,-0.4222772813046222,0.8834276167280717,-0.20940815107844116,0.5792299830560976,-0.543488008453429
0.5359319494274818,0.38071514563631803,-0.4431347814502473,-1.8793719186876972,0.22686941665114224,-0.5238389673502739,-1.1505709678411038
0.34312338294288963,3.5344810519931755,0.06966880121661405,-1.550670347848265,-1.956920859003949,-2.3395179122804928,-0.4835065912171031
-4.197079986345912,2.3673922830225265,1.3271447307861726,-2.039503958126583,-1.761916736898477,0.04242900726182426,2.1687554096842585
-1.1428318645966054,5.599458470260659,1.301037017724992,-2.188249659127558,0.7655746716815781,-1.1592267478181422,0.19153519017868334
-1.6654751532170804,2.3896181248027184,1.5022494407304645,0.8759511409652845,0.4845455728032725,-1.1895181860481898,-0.6777554020434657
1.0117124957300918,1.092389649549322,-0.6326983810409965,-1.7585184225129866,1.0468264439985615,0.42589470887014996,0.3982859726145914
-1.3009297119683683,-1.8214153018192936,0.37330749812882696,-1.8481689466301077,0.19962707048543146,0.7657543373053454,-0.46671520336502204
-2.373428725009621,-1.6815762381895434,0.38452814071781855,-3.0167286399481372,-0.038246655548408066,0.06881354646928252,-0.41522251873748683
-1.6658710117954185,-0.2139627400924974,-0.1480724220983096,-0.19705174829186486,0.5564802542524683,-0.931582153015917,0.5243195200898448
-1.9276781923709836,-1.1377399160440194,0.4782022974938422,-1.157500401359144,-0.20234190850512923,0.11489826961130074,-0.11625493665615759
-4.237216617940865,0.1842724969675091,-0.3264184065503352,0.5883033317855099,-0.7046267903381005,-0.14609126279242962,0.25985713468835187
-2.677870720842286,2.3157928229760034,-0.053848205919781546,0.3404496533358146,0.4506481566306471,-0.6783477095897293,0.06410094064588125
-3.8364978517958357,0.49624992855094285,0.9232396859792169,-0.551871671454205,0.0800355832928317,-0.11266882128770335,0.4744866104899576
-2.5514402959501883,0.2283299574366736,1.4141780117945075,-1.9707898183222954,-1.4563251243801854,0.8555217746435482,1.021921009633552
-4.694923445156694,-0.7674779440649339,1.54396484053524,-0.7790190185760191,-0.7848969794154551,0.8513735571344749,0.7526680967058759
-2.0250371641270766,1.2612419002369086,0.5049260938423054,-1.1355273912276953,-0.11426263232775212,1.7847769636270627,0.39049532449029906
-2.8959482055187697,-1.4516357644008573,0.7805459976049572,-2.970448198224318,-0.3571499568580535,-0.5832026074026375,-0.6184118265391748
-3.5022010405437847,1.8008324922228451,2.7664566396923242,-0.8663072825209776,-0.6253646906178552,0.41226960375775845,-0.30766602333976983
-2.153903667395956,-0.8300688184730433,0.5647967241587242,-3.011755927536565,0.5658252895799419,-0.5504027048454827,-0.4844054412012763
-2.0550840679912508,1.6164592679963894,1.8389594650896288,-3.1135349753155834,0.2110426636366116,-1.6418062316221793,-1.0888529250986712
-3.8772895793977984,1.084254744497786,1.859943909639657,-0.4337396700655978,-1.6874387933642614,-0.8148926835952695,-0.4710738985643933
-4.063862114728076,0.1221684352167659,3.2387726471757894,-3.4691829509849375,-2.241908073167678,0.17490914832452917,1.0772541424198288
-0.09866733268842756,-0.2135598383306847,0.3889294641594782,-1.0127105250774815,2.989067749991986,0.012452208093484936,-0.29025697120603683
-1.0893761900701346,1.292847898261203,1.4293788856272955,-3.3721364571237866,0.9473415671793857,-1.7258698723295998,-0.35397481912986256
-0.48177096484745646,-0.1780196911167925,1.0321075823080135,-2.0102801873798266,0.32710317445725456,-0.9920622853725432,-0.048545683079129424
-4.870309518087024,-2.1311061074865685,3.414188781279045,-5.133988306252541,-0.48892077687330043,-1.1107923351723807,0.4883712147859723
5.917612589142679,3.482636659061125,-3.262791685889057,-3.917585444993266,1.7163821624292075,1.0135989310390678,0.2714423869581922
8.741338077267805,-0.5738546724065794,0.8970900979949545,0.38514990846602953,0.6790432787353554,-0.30075277356569424,0.09482438363990041
6.439315483954051,-3.5768174440143428,2.4594865593921584,1.1773140506057547,-0.07482429488197781,-2.375192934084584,-0.5961296776392175
3.7933823700327296,-3.5840478639420827,2.0884763895875915,-2.5060277552601313,-0.5107225246988961,-0.24671010941047783,-0.7163263395813133
1.256179276150251,-1.9022967130754442,0.562730525565466,-2.0892270222091214,1.8099913310371225,-0.5344471888364397,-0.1927582282868773
10.37479405976984,1.6720101053366805,-1.8770293302249215,-2.3560311281936652,-0.03374193156469272,0.5679364748431863,0.223081671826461
-5.475243302544345,-0.6706367907573547,1.4904430808346603,-2.299157138525293,-0.18470330897728754,1.617837363144385,1.698951557019828
