PC1,PC2,PC3,PC4,PC5,PC6,PC7
3.3167508122147793,-1.4434626343180081,-0.16573904461441885,-0.21563118755909122,0.6930428405893483,-0.22388012825935782,0.596426545807547
2.209464916918848,0.3333928870803006,-2.026457373807537,-0.29135831818067504,-0.25765463451113474,-0.9271202441338149,0.05377561283487941
2.516740146610386,-1.0311512962743195,0.9828186702120626,0.7249023094447354,-0.2510331181840515,0.5492760466688984,0.424205450991576
3.75706560977321,-2.7563719137107134,-0.1761918421994913,0.5679833077759017,-0.31184159119241334,0.11443100019074304,-0.3833372970483228
1.0089084937957173,-0.8698308214172042,2.0266882192354094,-0.40976578835747585,0.29845750303765156,-0.4065196005162563,0.44407446290588254
3.0502539224180834,-2.122401114634192,-0.6293958270439115,-0.5156374945358467,-0.6320187337580438,0.12343055743291759,0.40165375814063525
2.449089669596231,-1.1748501316494744,-0.9770948907141966,-0.06583050459018847,-1.0277619090259962,-0.6201207425567618,0.05289072846998487
2.0594368714379154,-1.6089630683635074,0.14628188306155893,-1.1926080102922163,0.07690349381001034,-1.4398062169701105,0.03237559232593214
2.5108742973989893,-0.9180709573337767,-1.7709690272289424,0.05627036123001508,-0.8922569767206797,-0.12918104790134188,0.1252850713368083
2.7536281876339106,-0.7894376738336066,-0.9842474895182365,0.3493815683116308,-0.4685530755408963,0.1633916503408506,-0.8743522449142772
3.4797366827312137,-1.3023332371235945,-0.4227352165808468,0.026841759973585146,-0.3383747782271926,-0.18290163145863383,0.24816238376084798
1.7547529012945895,-0.6119772287456315,-1.190878319630175,-0.8901643378997603,-0.7385726590676353,-0.553055250422304,-0.43426624055529733
2.1134623403150967,-0.6757063391426187,-0.8650864256166544,-0.3564380100096997,-1.209928723432333,-0.21507611768922763,-0.24259717624975088
3.458156819336723,-1.1306298761729374,-1.2042763525381892,0.162458062859139,-2.0231268080203897,0.7457808259314138,1.475773419213086
4.312783906765565,-2.0959755753412623,-1.2639127523579992,0.30577318970435424,-1.0296926129271038,0.7956429129578672,0.9999709473177836
2.305188200827975,-1.6625517299890558,0.21790261559595803,-1.4405900273281103,-0.4695501036028755,-0.4222134027274404,-0.1809675022358089
2.1719552737415158,-2.32730533619142,0.8317298659860086,-0.9126012748605069,-0.00011494041364800522,-0.06652930594706744,0.10948778178456789
1.898971176562764,-1.6313688786428382,0.7949137923810711,-1.0823803881739011,-0.4387052138440936,0.36493081269721317,0.09164656925346093
3.541985081943472,-2.5183436693066468,-0.4854585076662921,-0.9103228070334972,-1.1530793383251694,0.30387702080279366,-0.033464213301004346
2.0845222047303142,-1.0611379935838594,-0.1647466784994739,0.48499741925280204,0.8825113543962546,-1.3930177039350222,-0.10247218096586487
3.1244025351672016,-0.7868971056508942,-0.36488708298884687,-0.025561690615415886,0.9724136022651129,-0.1069217615872682,0.2647624909929206
1.0865700683322415,-0.24174355133283926,0.9369615996106458,1.0299098409855678,0.31597169520809976,-1.211014896203921,0.29693169825384186
2.5352240799037156,0.09184062072088144,-0.3119326593479696,-0.04839123553408565,-0.42958155807989146,-1.014943107352447,-0.12776964657715795
1.6449883412544701,0.5162789300672358,0.14388509467079505,-0.41372002444082434,-0.37571996475959973,-0.784505521267451,-0.6684021835766604
1.7615758722693011,0.3171489326843822,0.8902856474056897,-0.11511561127372423,-0.5566684221133092,-0.8987488704298413,-0.6235508626493312
0.9900791016088584,-0.9406673381906332,3.8209080081948397,-1.321561198399426,0.15900470864283725,-0.2651282416488064,0.4819073314125322
1.7752776281133706,-0.6861751342850237,-0.08670040648876218,-0.23290678013651217,-1.1429426877872115,-0.5714744892181829,-0.45802827245441236
1.235423964309906,0.08980704136063981,-1.3868965448964372,-0.4956827203205437,-0.3759413985286933,-0.6080881813227467,-0.3630103126070705
2.188406334451963,-0.6895696206616234,1.394566880850361,-0.7774918110895725,-0.8105840689014874,-0.6020724422910106,0.11793274725067612
2.256108981283708,-0.19146193688666474,-1.0926572575082942,0.28615229925340474,-0.48307325674074897,-0.33523354034709607,-0.158350320631338
2.5002200257894285,-1.2408338348969428,1.3860178547156803,-0.3668652201910952,-0.6223328641186465,0.5824551819839349,-0.41599774819891305
2.677411047444018,-1.4718736461032496,-0.3322617283750941,-0.34935387541487284,-0.08659432884921293,0.16482979824911595,-0.5342419303195048
1.6285791164309191,-0.05270445057532299,-0.16712870624533366,-0.7493142456722188,-0.6360627488393464,-0.044318501657424375,0.9803295940593765
1.9026908622381502,-1.6330604347699835,1.1720821191753457,-2.3404290386722026,-0.1868140519431713,-0.3279877640004563,0.9839332662800914
1.4103885265954075,-0.6979343246113565,0.47974302516866174,-1.0600862162177873,0.09916074438965213,-0.710249952099956,-0.22973893244592572
1.9038262321944877,-0.17671095109545568,0.450835040037209,0.28411355233534,-0.1629494452606449,-0.1746417250336918,-0.6578273393646449
1.3848622303748401,-0.6586398536611487,0.45843858085206296,-1.2846581514469146,-0.20501159047376355,-0.6204916299314238,-0.07037800436338386
1.122207410441311,-0.11410976029688795,-0.03910727668974908,-0.956401223275734,-0.34221123506762985,-0.40912630908712766,-0.4086035105896936
1.5021945006181914,0.7694320064310091,-1.4261773458904627,-0.7575080925372711,-0.16584413489731972,-0.41545226099163396,-0.026898952134430616
2.5298010923718133,-1.8030019760618274,-0.34315238897969036,1.1869742956154559,1.2978957091037824,-1.5422707680689374,0.9656882861512986
2.5880954258544047,-0.7796163041925072,-0.11847746611373577,0.47597143975668693,0.4033220159457195,0.7251830257912897,0.5491319392684878
0.6684819937541869,-0.16996094061987502,-0.7833625480611452,1.313083777003965,-0.3717634179097545,-1.324691641361863,0.027191687634065476
3.0708069904120103,-1.155918956609883,-0.31275808393415355,0.5502846354673201,-0.30412565257296914,-0.807917418398173,-1.0114175755133685
0.46220913751600784,-0.3307421321922746,-0.20147649625677128,1.4364938632755873,0.2832248772655649,-1.0286034468535763,0.5713942813522322
2.1013519305380166,0.07100892095406705,-0.655849415043435,0.7577448387022165,0.47153772635352775,0.3718079768589204,0.020548123967876843
1.13616617756102,-1.777107392977638,0.028705735784752395,0.691831211774572,-0.0609242057519787,-1.9138679124844717,0.172697149037335
2.7266009636408053,-1.1913346919571834,-0.5397732611476721,1.3895506741306771,-0.4968945883275793,-1.010998581098222,0.7394299324106374
2.8213392741922503,-0.6462585991417036,-1.1555524107274082,0.9876629123241955,-0.00997701769070725,0.29076542470240896,-0.4739140210299716
2.0098508509123603,-1.2470294606787602,-0.057293987939922,0.23064310704031107,-0.3846510704947803,0.525954235259762,0.22851860586522801
2.707491304266396,-1.751967407206338,-0.6431136120007948,-0.1002315200630476,-0.4947130319432414,0.7322784165760903,0.0076199048170539525
3.2149174747738245,-0.16699199499679107,-1.9735716799013736,1.120683939043467,0.012278197312869134,1.2308189297066736,0.26081117736263204
2.8589598267172955,-0.7452788039895881,0.004719502164697636,-0.21527655699454434,-0.7588084943240838,-0.19212307003303408,-0.3537467597030049
3.505604355923227,-1.6127338560350115,-0.5207745300761739,0.10653642366463237,-0.6016844439291615,0.18354436591075532,0.15187262929295814
2.224791380532176,-1.875167999563025,0.33954985035420965,-1.2069665793418796,-0.5766442488035869,-0.24595468138805152,0.46516066153535934
2.146987823563868,-1.0167515377576604,-0.9577627619503282,-0.24031819021886444,0.8801045044036451,-0.36177499642669564,-0.4119478762320937
2.4693294837977904,-1.3290083106496222,0.5134374530359697,0.25534862071665143,0.9121401022097751,0.5548694652071388,-0.35840072624320146
2.741517914277455,-1.4365487835125146,-0.6124733957169588,0.20574744102620487,0.434263863439514,0.11599776839230021,-0.0392293524776004
2.17374092096531,-1.2121998406977943,0.2617795927707911,-0.504426086079639,-0.6954218130360287,-0.2569837369301465,-0.21906357641855295
3.1393801518289983,-1.7315791159925131,-0.28566141261644884,0.23056721248328457,0.07504083607220456,0.3515621681113914,-0.8430752920963721
-0.9285819689218593,3.073486163188929,-4.585064007148209,-1.0518443905458061,0.4571241235046328,-0.38825266195869224,-0.09227155897481955
-1.5424801378968829,1.381443508094229,-0.8746831124458103,-2.890119746157419,-0.9780083247078553,0.03501115627900384,1.058853020046104
-1.8362497634669421,0.8299841230557177,-1.6057021863206216,-1.45210485318885,-0.2940757973576339,0.6841167093123441,0.25414354401693223
0.03060683408667742,1.2627861442114034,-1.7844080104188573,-1.206576070563543,-0.3936043221297617,-0.6070870606421239,-0.5709833767543541
2.0502616075763154,1.9250326046501027,-0.007368777349817138,0.7213219027367339,-0.08112664847440568,0.764526154532564,-1.0758373366224943
-0.6096808271776244,1.9080588050851888,0.6793579379775354,-2.153076090835889,-0.04990255123111934,-0.19136551192054818,0.5031210658266133
0.9002278387071437,0.7639114736096096,0.5733613020971918,-0.6793616342868682,-0.1426330485109358,1.0175322447197077,0.19331274228379844
2.2485071907983936,1.884592484550134,-2.0318401928675867,1.4076272343171599,-0.7320069560460408,1.3033985283217426,-0.34471876832033344
0.1833840266847529,2.427146114703572,-1.0697455602477999,0.12741797198490865,-0.5345735590539742,-0.07000088225153057,-1.3547653565542703
-0.8128050273520729,0.2205139869022693,-0.7070053958009676,-2.4889895776206505,-0.5835598311121889,-0.31743964460480983,0.3670917505964956
1.975620498798553,1.4032832253096152,-1.2382762196848685,-1.152306488866273,4.1866567422205305,0.49299754529722595,1.4565455876967792
-1.5722162196263016,0.8849831369082215,-0.6289979502315961,-1.1718464071389398,0.9653445697689994,0.269410101504156,0.15082179870381612
1.6576818088332885,0.9567121974591511,1.9525842166061995,0.1522089116011121,-0.7871611831143348,-0.31622495546181634,-1.4916305629369184
-0.7253723880353581,1.0636454007060951,0.08033222861543617,-0.07601943117966926,-0.18016577036873221,-0.5443166900135666,-1.5989013122571696
2.562227173170364,-0.26019855065459535,3.374393962239757,-0.9793994323621805,1.9807986006300498,-0.31203963442139576,-0.4493930232785063
1.8325675700495485,1.2878781978605263,0.45828002739955764,0.17135075351694273,1.0012222334229652,0.07785782638634296,-1.3756389710624064
-0.8679929031954149,2.444101185580865,-1.563333178950381,-0.8314598593846809,0.7079799805345836,0.11236375184395635,0.42318075171158814
0.3700144042947796,2.153906975156989,-2.4493863483037415,-0.12615904447506546,0.09529984226012672,0.5569235324392446,-0.6478137968766084
-1.45737704490614,1.3833517690762598,-0.22730690232730608,-0.6963568703738084,1.0673621825638078,-0.8187697798548562,0.9342607545695335
1.2629308497284972,0.7708495299701171,-1.1842245173752444,-0.9258822437115138,2.613593044713573,1.5977957182522387,2.0137582744407685
0.376150371934241,1.0270434033558238,1.7944662945426604,0.9785445272560188,-0.13656918831243844,-0.6611531865236216,1.193212875979055
0.762063904109596,3.3750538099635374,-0.357470055539466,-0.36673291451865314,-0.15444057267645683,0.24524198514541254,-0.41991645782970205
1.0345779671651858,1.450709738244092,-0.36301177316396127,0.2965957804498985,-0.3058872373625729,-0.1003380633589264,-0.4592995463761859
-0.4948767556803296,2.381243526767371,1.3357431762848664,-1.040978844247352,-1.0421266340608544,0.11277469690004852,-0.6464101961785738
-2.5389770842951216,0.08744335730498208,0.47425139276914874,0.7586014542364312,-1.1278164752510698,0.18068666809418554,1.1562986358284566
0.8353201453942969,1.473670551400868,0.6100935756921066,0.5829518777254217,0.8991847835917934,0.8825278739997888,-0.8330969102857761
0.7879046149897077,2.0266265224624784,-0.25472340396955084,-0.8094180804315683,0.25885254234844024,-0.15780596379902967,-0.2700243811177638
-0.8068321559655405,2.233830390843912,0.7728557971982642,-1.0137157469318288,-0.29186229873771924,0.3495938759828789,0.2569297160111548
-0.5580426248756839,2.372985428849456,2.3076114040120044,-1.0353203058236957,-0.4769395079975906,-0.2375670896914979,-0.4917007480600683
-1.1151110419194479,1.8022471916654539,0.9592533076886547,-0.3312837911530195,-0.7315100618693965,0.057946075967425466,0.08777415942999753
-0.555722829951704,2.657540035392294,0.8491268977432256,-0.0031976413270272974,-1.3462570019392701,0.0406142866281497,-0.7612009957506934
-1.3492852824437331,2.1180014697848186,-0.04765232084869204,-0.46625056695412764,-0.8905459729866061,0.4965897226894418,0.7562900671139848
-1.564482605719908,1.8522145217655508,0.7810670309346317,-0.6050793910273196,-0.5164653651812152,0.732017319961172,0.13764166746639553
-1.9325556106314659,1.5594954568986215,-0.08927467610867836,-0.5225693568575603,-1.1736975707899526,0.9059614024568248,0.5388714777334315
0.7466659419884484,2.3129317092207415,0.11467976874541622,1.248538703990394,0.2629368745029531,-0.5166878900737129,0.20878209652616986
0.9574553638036404,2.223528434667462,0.14244477369872507,0.3140429470385482,0.9441427116782013,-0.3828264954695481,-0.7581092851209575
2.5438651841995545,-0.16927402279974088,0.7886969907454751,-1.0328370427002673,3.7310792052357424,1.3516785826333952,2.6440704991780715
-0.5439525887762285,0.36892654587731644,1.3088959318568576,-1.2779985588465121,3.346790715256256,-0.7094938878209467,-0.35185902422649873
1.0310497503881468,2.565569348733525,-1.0863901738177397,0.26386098478434167,-0.1898440149799357,0.4026853197259701,0.01345388072279007
2.2519094221481244,1.4327413803542561,-0.23020824379781435,0.9211710965438474,-0.2399229318209251,1.0423477426631056,-0.8716262109371459
1.4102160153374592,2.1661917693703865,0.7488964107708809,1.195611188059827,-0.7098572124767308,0.6106186528331983,2.0920787314976366
0.7977197926930393,2.376948803081863,-1.5681125312755286,-0.034816360221094314,0.6170913970699821,-0.2876458701633456,0.28209296704798
-0.5495317266494675,2.293128643245628,-1.4989353232010794,-0.3070386710514769,0.32601093425323013,-0.15075781455307702,-0.4117908475012825
-0.16117373994854575,1.1644833215600165,1.0037131028373567,0.6616862238806767,0.3011851417366184,-0.6605200468901107,-0.4980213496289576
-0.6597949416843625,2.6799611859896357,-0.7649208684795147,0.4699547735549669,0.1444703846377158,0.45364679709098477,-0.04766873647094936
0.39235440818508044,2.0987317087655377,-0.4718500076097394,0.43705657473857423,-0.3038104545802322,-0.24931415163404558,-0.4531964516617064
-1.772499077960037,1.7172884693761434,0.9470331744608669,0.259512586068057,-1.0048254910501566,0.1060207533095248,1.0790408706579313
-0.36626735735206684,2.169353297829283,-0.4813242347422911,0.3984004616727496,-0.46905131372184006,0.19448661963031913,-0.24027590953271177
-1.6206725727874818,1.355583388025957,0.28715900069561673,-0.026024545988171534,-0.5693525482637509,0.5811677691901072,-0.07761587164112257
0.0825357834933256,2.3062345877483255,-0.4635749893739546,0.8903510234579548,0.34057655163762374,1.11250462419375,0.2103666762995976
1.578275070932383,1.4620342902048173,1.7796459547332857,0.6135844239909848,0.28798173626008533,0.7973181693422479,-0.28123745550934054
1.4205692478240173,1.4182066376337505,0.13927582948819217,3.43053946097484,2.196884336813245,1.457116006802931,1.6820261212584702
-0.2787027536488563,1.9305680886704686,0.07867055304723412,0.9285207407965372,0.26149577818835196,-0.67999700483103,-0.8475937299898356
-1.3031449662482804,0.7631723136577924,1.9995965104868565,-1.7258358801711162,-0.734906272916686,-0.48671988283385803,1.133276631582034
-0.4570718656526256,2.2694156075896754,1.0613389675926654,-0.8374320543803772,-0.3234508412672741,1.0031166834410892,-0.504430994587801
-0.4941858470443764,1.9390450494868332,1.3239380723766938,-0.06159724830111362,-0.848907528885867,-0.03317755888645162,-0.9821331621683924
0.4820744097730915,3.871783848407242,1.3442712233930725,-0.8999104922079477,-0.9323577261763447,0.9693699278766541,1.4031079169598248
-0.2528888776532026,2.8214923747015934,-0.30263978453064133,0.4579671014211295,0.3710872502471745,0.04826452411669431,-0.5681656726256082
-0.1072276377291256,1.928922042566959,0.6901482425075114,-0.27372248408470323,1.071096930718425,0.037221216381362214,-0.012702058434144176
-2.433012602550221,1.257141040494393,-1.9030274044113509,0.8697319052756062,-0.468142634134517,-0.8279559644539882,0.241942988572703
-0.5510895391746524,2.2221615507766224,-0.35622883021253554,1.3633198872949541,0.21671559781468003,-0.5724168275982744,0.9659276158654004
0.7396219285682225,1.4089566673657128,1.1253454920042372,1.205111467592599,0.42992123287584766,0.1058462091361212,-0.20502618829410468
1.3363217334183326,-0.25333693116830475,5.345388179195747,0.2390375126062009,0.2365025484012321,0.8009793022153363,-0.600401910365348
-1.1770869962477728,0.6639668398015721,3.010221887946432,1.1661369564822706,0.33272868633415953,-1.1796254380056506,0.6125505273034495
-0.462335008019679,0.6182881794850429,0.48344236634418325,3.5767243570819085,0.12882144758823916,-1.5152209721646823,0.7627616048609602
0.9784740793566487,1.445570498895828,1.4812369749959486,3.790335091263282,0.4998102584977688,-0.11928890623846468,0.18076906950124233
-0.09680972631598685,2.109997993135227,0.434826115616789,1.05469527887583,-0.31144442642563935,-0.11013479938956686,-0.5332646015797043
0.038487145949024366,1.2667621091578856,0.6875779128728099,1.272884183616942,-0.3530521798910689,0.9739081092152153,-0.8167931788807694
-1.5971585012074718,1.2081435741284858,3.3611755553864304,-0.219277552817024,-0.6407634332225737,0.8661347816356504,0.13861539324986896
-0.47956491608312724,1.9388406603940485,1.2965075188296706,0.6869762250808248,-0.060485219351199264,0.6841610796703164,-0.4105759232297709
-1.7928334730311453,1.1502881044421054,0.7828001731822659,1.4787789658343125,-0.504217972906507,-0.9954949279092116,0.31850758568743825
-1.3271016561416027,-0.17038923204902906,-1.1800133553094883,-1.501709805674474,2.305290326188171,-0.15285292873521047,-0.8258174328190424
-2.384500834743532,-0.3745826055246945,-0.7238225948116639,-0.30819498345045343,1.3396319848374596,-0.7200320942809212,-0.9298199822828331
-2.9369401021466146,-0.2638618300683815,-0.1676398159837224,-0.40877342179178444,1.0878060614398684,-0.09427571947260528,-1.6036530736100467
-2.1468111338160645,-0.3682549518864618,-0.45330130146918735,0.04852756505451697,1.7266320466248095,-1.031639697236746,-1.0085438565679663
-2.369869488333044,0.4596348092311653,-1.101399788592058,-0.8567773352940218,-1.0670065395140158,1.4307407736044935,0.3395438815407515
-3.0638415687203553,-0.3534128354584042,-1.099124104115341,-0.7403981320869364,-0.7377080340420406,0.841056597283836,0.7165699735294305
-3.915753783711891,-0.15458251944173326,0.22182779984104786,-0.00906832745300774,-0.36272873638392034,-1.1248112081799166,0.8973411556401583
-3.936463390715963,-0.6596872334097825,1.712215419214538,0.545483800780571,-0.5373248151605952,-0.890623180336655,1.46597145857496
-3.094276117762277,-0.3488427592737967,-1.0268314134224503,-0.07134920796520669,-1.0593498570949507,-0.3869573430606426,0.7723886077669416
-2.3744716280069227,-0.29198035155999424,1.2419143328305644,-0.7488055395994897,-0.4155791128137258,-0.42684748275727674,0.07347623265128043
-2.7788129476325154,-0.286804872882175,0.6096701239723727,-0.8793468858520358,-0.5544239360926236,-0.7357588792106472,0.010212213187765651
-2.2865612847384713,-0.3725078446852995,-0.9716430323608549,-0.3714377359573698,-0.33809236820758365,-0.9128187823194294,-0.9647977255343265
-2.9856334874494674,-0.4892179083470125,0.9469529317999703,-1.036225585674918,-0.5851467429990331,-1.227673507132307,-0.23162108486176122
-2.375194698227109,-0.4823337172448773,-0.25288399405333273,0.6711492638133759,-0.6280919050420662,-1.5603404373187826,0.9720657279675021
-2.209865525595871,-1.1600525041576444,-1.2451252259210663,0.3188381881276934,1.688693398107323,-0.331074543711076,0.009357744571653408
-2.625621004692722,-0.5631607642108357,-0.8559610818033778,0.2756840261001658,0.6511122082281513,-0.44731961728182645,0.5766521830285506
-4.280638778751089,-0.6496709640237068,-1.458196961638567,1.1281643024386034,-0.35955425002746927,-1.6166438942053107,-0.07532072215180732
-3.5826413720011043,-1.272702749727302,-0.11078403762472656,1.0499090445620125,-0.5235518995888947,-0.6001736007175635,-0.18846582342875742
-2.807063720081659,-1.5705337870411988,-0.4725279345720865,0.6273584503465379,-0.2601729969289221,0.5532429126464178,-0.4494641718620603
-2.8996593330239113,-2.0410570079384662,-0.4959598102350944,0.4711556154388522,1.438877209099062,0.17854341124205475,-0.3935198611380939
-2.3207369765492043,-2.3563660755566755,0.4376817436187611,-0.05225977554050532,2.234427194053083,0.07677854217494462,-1.2734386989773205
-2.5498309472261362,-2.045283091019526,-0.31226799865093235,0.38697168223072903,1.8475226161978908,0.9800291475357874,-1.627191663844322
-1.8125412848422977,-1.5276459462687522,1.362589781587871,-0.18939590603489406,1.7493871973183606,0.9702915176984915,-1.54185079783675
-2.76014464192395,-2.1389323476426134,-0.9646286882006795,0.6683861119278028,-0.4770416925743406,1.8021134412213193,1.018406061285194
-2.7371505006679917,-0.4098862708817926,-1.1904046839669868,-0.6630452043229409,0.4590367767023856,1.88189025597189,0.023338202493234917
-3.6048688681834244,-1.8023842175839682,-0.09403686133597185,1.2688404735137286,-0.6094653319307264,0.19193279581126313,1.4184227681317978
-2.8898259968735074,-1.9252186131303441,-0.7823225555084471,1.3247254007768912,-0.5712429547605505,0.430605674680704,0.2178557403523032
-3.392156076835721,-1.311876388473597,1.6020259689000218,-0.4828421441297856,-0.6708713844634318,0.803565487289691,0.0958365162623514
-1.0481818968536758,-3.515089691219732,1.1600385659132282,0.9353293944209248,-0.8994485346148522,3.2842813081553155,-0.6424633574198981
-1.6099122828479342,-2.4066381595743294,0.5485596972407111,0.7543096839807111,-0.9952068461741682,2.9194770585946084,-0.711056113717062
-3.143130966743975,-0.7381610441757985,-0.09099872392222269,0.9806478454856701,-0.40981351887780454,0.3989223334953931,-0.07403122442234436
-2.2401568962695437,-1.175465288118865,-0.10137693249612151,-1.1652787163314846,-0.2644492921931583,-0.801038761571628,0.5398826927126987
-2.847673776119521,-0.5560439658826741,0.804215218101029,-0.897888066259542,-0.25480131672438816,-0.2885680350234455,0.86776239719761
-2.5974970566487654,-0.6979655372009205,-0.8849395211306339,-0.2742287476825394,0.7722354971886545,-0.7198424302489362,0.2725002525874444
-2.9492993731348465,-1.5553089642839846,-0.9834007272249421,0.015480346925875911,-0.36408211048498623,0.4912059937332276,-0.9859350902141926
-3.5300322663493136,-0.882526796204237,-0.46602912777853955,0.5807896245708632,-0.6689597199930882,-0.4588143074807695,0.522220668108743
-2.406110540478552,-2.5923561750423985,0.4282262107995776,-0.18433509160570727,0.44766112377073103,0.5695062683836793,0.03580206910510975
-2.929084726967456,-1.2744469479044833,-1.2133582715051496,0.2953160469465652,-0.26734992758769627,0.38121311026766985,-0.6443207361032224
-2.18141277881262,-2.0775373127345165,0.7637825515581189,-0.3895933218994537,0.35987360204030455,0.6295677883052248,-0.7533223475598841
-2.3809277871356374,-2.588667432418591,1.4180440294968144,0.5885019355198853,1.1279968090043744,-0.9836449646975425,-0.9304726426560755
-3.2116172150412488,0.2512491044255905,-0.8471291521285023,-0.21706535466547705,0.6090952147103317,-0.395377731434441,-0.29184930036135825
-3.6779187209738184,-0.8477478441497647,-1.3394202310855177,-0.12517586515271142,-0.48611193269185393,0.8579592100532714,-1.025640017663486
-2.46555579804045,-2.1937983036540945,-0.9187809604264905,0.018024995000056047,-0.7012095215705453,0.6808550027296483,-0.8291991199880582
-3.3705241454428614,-2.2162891398611375,-0.342569512414322,1.0585268387311837,-0.5741638992346713,-1.108788420121796,0.958415833369246
-2.6019558512247376,-1.7572293509792756,0.20758135498125121,0.34949642154655886,0.2550631777338378,-0.02646537747773897,0.14689354682507624
-2.6778394608645013,-2.7608991316745475,-0.9409418766769959,0.31203474626495364,1.2713550029612661,0.2730679235129926,0.6792354057330999
-2.387017091279719,-2.297346679712821,-0.550696197011088,-0.6882845476085493,0.8139552190463919,1.1787829773529084,0.6339752705059148
-3.208758164198022,-2.7689195660475763,1.0139136641131152,0.5969031860643235,-0.8951925879513953,0.2960921841274233,0.005741257097527494
