PC1,PC2,PC3,PC4,PC5,PC6,PC7,PC8,PC9,PC10,PC11,PC12,PC13
3.3167508122147793,-1.4434626343180097,-0.16573904461442046,-0.21563118755909302,0.6930428405893477,-0.2238801282593572,0.596426545807547,0.06513909470512642,0.6414427057667682,1.020955852896632,-0.45156339547843244,0.5408104138990939,-0.06623863088644985
2.209464916918847,0.3333928870803007,-2.0264573738075398,-0.29135831818067404,-0.25765463451113474,-0.9271202441338151,0.05377561283487829,1.0244159502406065,-0.30884675256984434,0.15970137197881254,-0.14265730595966505,0.3882377413425207,0.003636502472596918
2.516740146610385,-1.0311512962743201,0.9828186702120627,0.7249023094447361,-0.2510331181840516,0.5492760466688973,0.4242054509915779,-0.3442161311029556,-1.177834471285653,0.11336085674453097,-0.28667284748258903,0.0005835731825387734,0.021716510404282508
3.75706560977321,-2.756371913710714,-0.17619184219949302,0.5679833077759031,-0.3118415911924138,0.11443100019074226,-0.38333729704832314,0.6435934984154131,0.05254442149621215,0.23941260495048447,0.7595843120933182,-0.242019563483647,-0.3694835308458719
1.0089084937957171,-0.8698308214172051,2.0266882192354108,-0.4097657883574768,0.29845750303765084,-0.406519600516258,0.44407446290588243,0.41670047012482975,0.32681916477844347,-0.07836648197566433,-0.5259450832249108,-0.21666415780046222,-0.07936356550675269
3.0502539224180834,-2.122401114634193,-0.6293958270439133,-0.5156374945358454,-0.6320187337580453,0.12343055743291681,0.4016537581406356,0.39489342101396846,-0.1521460762844125,-0.10199581622245418,0.405585315964091,-0.37943268389457613,0.1451553311291251
2.4490896695962303,-1.174850131649475,-0.9770948907141984,-0.0658305045901864,-1.0277619090259955,-0.6201207425567623,0.05289072846998665,-0.3719338618330998,-0.45701585484599644,1.0165634589013086,-0.44243341099785527,0.1412298440692087,-0.27177818440666546
2.0594368714379145,-1.6089630683635086,0.14628188306155843,-1.192608010292216,0.0769034938100088,-1.4398062169701118,0.032375592325930826,0.2329789537412133,0.12337031634069374,0.7356000471602852,0.2935548586727272,0.3796630260704209,-0.11016378664036422
2.5108742973989897,-0.9180709573337772,-1.7709690272289456,0.05627036123001568,-0.8922569767206792,-0.12918104790134124,0.12528507133681066,-0.499577904254272,0.6065891979197714,0.17410661316419557,-0.5089328934544114,-0.6352493357375114,0.14208353607567456
2.7536281876339106,-0.789437673833607,-0.9842474895182386,0.3493815683116323,-0.46855307554089703,0.16339165034085096,-0.8743522449142771,0.15057950285160168,0.23048915219392324,0.1794201028939573,0.0124781709940321,0.5503268232211369,-0.042454853305525314
3.4797366827312133,-1.3023332371235954,-0.422735216580848,0.026841759973585434,-0.33837477822719314,-0.1829016314586348,0.24816238376084956,-1.2066109659500044,-0.5245739738191059,-0.21453758530769626,0.7325146130291911,-0.08131226662208221,0.12260198084835769
1.754752901294589,-0.6119772287456319,-1.1908783196301769,-0.8901643378997589,-0.7385726590676372,-0.5530552504223043,-0.43426624055529633,-0.9851265370740276,-0.4740304800393615,0.220282780407906,0.04143615276008154,-0.16256090692087216,0.142769795280473
2.1134623403150963,-0.6757063391426191,-0.8650864256166558,-0.3564380100096969,-1.2099287234323337,-0.2150761176892287,-0.24259717624974958,-0.4615063643810428,-0.8788133896322742,-0.09650536424086369,0.05404645330769388,-0.08974650924937826,-0.004935241587695562
3.458156819336724,-1.1306298761729383,-1.204276352538192,0.16245806285914124,-2.0231268080203884,0.7457808259314136,1.475773419213091,-0.38038575598860347,-0.02570214724088345,-0.24465261249623166,-1.231800896057488,-0.772333490925829,0.2258213065795199
4.312783906765565,-2.095975575341263,-1.2639127523580018,0.30577318970435563,-1.0296926129271042,0.7956429129578668,0.9999709473177866,-0.40489140770451654,-0.840342538321833,-0.3644329063562912,-0.31574612172973504,-0.1428197315832157,-0.094723955851997
2.305188200827974,-1.662551729989057,0.21790261559595778,-1.4405900273281091,-0.46955010360287913,-0.422213402727442,-0.18096750223580957,0.08411669950166512,-0.40445791524510205,-0.7996551279792861,0.102684116335615,0.49779586373445833,-0.06599976422661388
2.1719552737415153,-2.3273053361914213,0.8317298659860085,-0.9126012748605071,-0.00011494041365057422,-0.06652930594706853,0.10948778178456843,-0.3994347978908626,0.06105528559071035,0.019513855919204577,0.07836643725517327,-0.5007972067261905,0.3381027813114194
1.898971176562763,-1.6313688786428395,0.794913792381071,-1.0823803881739005,-0.43870521384409666,0.3649308126972118,0.0916465692534612,0.11284025728618624,0.38203327494218486,-0.4013209342428032,0.3090819121591923,-0.26382535754649994,0.5592935189808287
3.5419850819434715,-2.518343669306648,-0.4854585076662935,-0.9103228070334947,-1.1530793383251725,0.30387702080279194,-0.033464213301003756,-0.03560011849473766,-0.4415660091353318,-0.7845769722980391,0.9185083078950137,0.16508808176550946,0.5145431518552711
2.084522204730314,-1.0611379935838603,-0.16474667849947522,0.4849974192528,0.882511354396256,-1.393017703935023,-0.10247218096586584,0.5799152652554075,0.05875280062960324,-0.15004930186537663,-0.8357265512128131,0.28787460652668523,0.05870931336145001
3.124402535167202,-0.7868971056508948,-0.36488708298884825,-0.02556169061541911,0.9724136022651123,-0.106921761587267,0.26476249099292026,0.18560141550981873,1.3184623081450644,0.36209122109424596,-0.46122011423335546,0.47345849963980713,-0.027779350786250084
1.0865700683322406,-0.24174355133283967,0.9369615996106461,1.0299098409855671,0.31597169520810287,-1.211014896203922,0.29693169825384236,-0.10645128084851772,-0.5726992115534607,-0.09243260781863005,-0.6588297942405905,0.6826893757956752,-0.3046449968738587
2.5352240799037156,0.09184062072088116,-0.31193265934797093,-0.04839123553408461,-0.429581558079891,-1.0149431073524482,-0.12776964657715748,-0.07661405081998594,0.10826273738590483,0.8255181343183596,-0.08908247529709183,0.4821019858778702,-0.04493373775956905
1.6449883412544697,0.5162789300672357,0.14388509467079494,-0.41372002444082234,-0.37571996475960107,-0.7845055212674524,-0.668402183576661,0.1952654412381809,-0.6924023566956837,0.47168244654705155,-0.03250581390170823,0.48384661035633975,-0.34375003818719885
1.7615758722693007,0.3171489326843819,0.8902856474056899,-0.11511561127372266,-0.5566684221133097,-0.8987488704298429,-0.6235508626493302,-0.3422738429245445,0.09498393599296569,0.6664303088983522,-0.3795090356256635,0.3140759033317007,-0.2275466352332868
0.9900791016088578,-0.9406673381906346,3.8209080081948437,-1.3215611983994258,0.1590047086428339,-0.26512824164880927,0.48190733141253206,0.0948914845507004,0.11039337679641799,0.46595871285247703,-0.4395112383245295,-0.10951768644492733,-0.05810148476638162
1.7752776281133698,-0.6861751342850242,-0.08670040648876311,-0.23290678013650865,-1.1429426877872122,-0.5714744892181849,-0.4580282724544125,0.9087210467184189,-0.7422630166681911,0.4425439567484601,-0.033099217308223725,-0.20883509595400604,0.002165498292964696
1.2354239643099056,0.08980704136063984,-1.3868965448964388,-0.49568272032054217,-0.3759413985286942,-0.6080881813227472,-0.3630103126070709,-0.23648821779707546,-0.7347937905979087,0.29943184993139954,0.8658597495566042,-0.37721738715909986,0.00859171604641279
2.1884063344519626,-0.6895696206616245,1.3945668808503617,-0.7774918110895715,-0.8105840689014884,-0.6020724422910128,0.11793274725067719,-0.07479568155125145,0.4597436343240244,-0.028106619772316415,-0.5368471983302326,0.049578476693147626,-0.19869913874736644
2.256108981283708,-0.19146193688666488,-1.0926572575082956,0.2861522992534056,-0.48307325674074836,-0.3352335403470957,-0.15835032063133678,-0.47006429962866675,0.13750201364858203,0.8023592256307497,-0.12191651581786515,0.13573120547731415,-0.44660940098231194
2.500220025789428,-1.2408338348969434,1.3860178547156807,-0.3668652201910935,-0.6223328641186491,0.5824551819839332,-0.41599774819891094,-1.0594353590553012,-0.5383954112640696,-0.3207367314932284,0.37653757407833655,-0.6093716333199928,0.0859032783385131
2.6774110474440174,-1.47187364610325,-0.3322617283750949,-0.3493538754148718,-0.0865943288492156,0.16482979824911517,-0.5342419303195051,-0.531806040133869,-0.7875179858886087,-0.21898191756102295,1.0748021436639956,0.002786314871542486,0.272550476369193
1.628579116430919,-0.05270445057532333,-0.16712870624533452,-0.7493142456722185,-0.636062748839347,-0.04431850165742496,0.9803295940593781,-0.4990707261404646,0.13152907019748866,0.1655698907534699,-0.22051104413389186,-0.20409544152606698,0.24577532099708638
1.9026908622381493,-1.6330604347699842,1.1720821191753465,-2.3404290386722018,-0.18681405194317574,-0.3279877640004581,0.98393326628009,0.5126440333944616,0.7117217196656453,0.09960871184575983,0.6248615561712685,0.10872500964995566,0.05453756498791276
1.410388526595407,-0.6979343246113572,0.47974302516866163,-1.0600862162177873,0.09916074438964985,-0.7102499520999573,-0.22973893244592605,-0.2274748714374713,-0.39673316387449925,0.1999574373736847,-0.1755166526710439,-0.21967433725332222,0.10691027123931475
1.9038262321944877,-0.1767109510954559,0.4508350400372087,0.2841135523353407,-0.16294944526064517,-0.17464172503369246,-0.6578273393646444,-0.35472896036507245,0.2081616623783989,0.33694441041047846,0.19850979454904139,0.23294647787069894,0.1327542788492388
1.38486223037484,-0.6586398536611492,0.45843858085206257,-1.284658151446914,-0.20501159047376635,-0.6204916299314253,-0.07037800436338457,0.9607472622265888,-0.3052847655843556,-0.20335253550173293,-1.0999205800732421,-0.1472236724228811,-0.06129089467756986
1.1222074104413107,-0.11410976029688819,-0.0391072766897494,-0.9564012232757325,-0.3422112350676323,-0.40912630908712905,-0.4086035105896938,-0.02934105559754327,-0.853864163928003,-0.31347287278639535,0.0038073244226622008,-0.40223114527814346,0.005758090629050819
1.5021945006181914,0.7694320064310092,-1.426177345890465,-0.7575080925372706,-0.16584413489732105,-0.4154522609916343,-0.026898952134430935,-0.02635525075689457,-0.27811756545793437,-0.28329255604381776,0.2838577794749563,-0.1793539428287603,0.31931502269844536
2.529801092371813,-1.8030019760618285,-0.3431523889796925,1.1869742956154516,1.2978957091037866,-1.5422707680689374,0.9656882861512985,0.768933589683829,0.7213305416529098,0.022681725529577448,-1.1935216179538042,0.1688889462951754,-0.17828742319407273
2.588095425854404,-0.7796163041925076,-0.11847746611373697,0.47597143975668577,0.40332201594571937,0.7251830257912906,0.5491319392684879,0.7060282787222735,0.8175035633637563,0.3241466362456844,-0.28236366647594957,0.19663471285188028,0.07693646482116596
0.6684819937541865,-0.1699609406198753,-0.7833625480611467,1.3130837770039656,-0.37176341790974987,-1.3246916413618646,0.027191687634066257,-0.32603765864362616,-0.28508550425421797,-0.07222044292976224,0.8274758064237848,-0.07340281264648772,0.42885260950413284
3.07080699041201,-1.1559189566098838,-0.31275808393415533,0.5502846354673215,-0.30412565257296886,-0.8079174183981745,-1.0114175755133687,0.9298221727755897,-0.21824229708608803,0.23008952952802128,-0.44252385938669525,-0.1863848752410125,-0.02295374575407042
0.46220913751600734,-0.3307421321922749,-0.20147649625677222,1.4364938632755864,0.2832248772655699,-1.028603446853577,0.5713942813522324,0.5657703919942064,0.29329936731819856,-0.07819222271932667,-0.07072161206035632,-0.049586549989021844,0.20205690682206448
2.101351930538017,0.07100892095406716,-0.6558494150434364,0.757744838702216,0.4715377263535282,0.3718079768589211,0.020548123967876232,0.6243339982669448,0.299003055469262,0.42921153094266923,0.4711008817672638,0.05618962259345412,0.08106637447821598
1.1361661775610188,-1.7771073929776386,0.028705735784751503,0.6918312117745716,-0.06092420575197466,-1.9138679124844733,0.17269714903733463,0.2567137930457667,0.5534159913574314,0.18735241444041897,0.5944821548999772,0.04674573883183509,0.061688774049628685
2.7266009636408044,-1.1913346919571846,-0.5397732611476744,1.3895506741306767,-0.49689458832757444,-1.0109985810982232,0.7394299324106393,-0.24325406014378098,0.4466000413054148,-0.11106768782040374,0.04863426652515761,-0.20322790906489469,-0.1520672996361259
2.8213392741922507,-0.6462585991417037,-1.1555524107274102,0.9876629123241956,-0.009977017690706476,0.29076542470240957,-0.4739140210299711,0.1422126059040235,0.40660262939991715,0.25379001712463933,0.1229889721428352,-0.08522460741064677,0.18928895389514727
2.00985085091236,-1.2470294606787609,-0.057293987939922915,0.23064310704031094,-0.38465107049478053,0.525954235259762,0.22851860586523,-0.8011282834748895,0.11528263047567815,-0.02771608109319405,-0.10332627290025456,-0.31794603155810525,0.12902435241308252
2.707491304266396,-1.7519674072063385,-0.6431136120007959,-0.10023152006304667,-0.494713031943243,0.7322784165760903,0.007619904817054704,-0.2512713550372218,0.17756435050415845,-0.3053837447726349,0.5470980243637249,0.741156937130903,0.5486697835242395
3.214917474773825,-0.16699199499679077,-1.9735716799013763,1.1206839390434669,0.012278197312868992,1.230818929706675,0.26081117736263393,-0.4680466732121684,-1.2324588341065925,-0.5933180411596287,-0.3673117011577563,0.41102456835474765,0.08078979508769228
2.858959826717295,-0.7452788039895888,0.004719502164697055,-0.21527655699454276,-0.7588084943240854,-0.1921230700330352,-0.3537467597030029,-1.072123439543154,-0.9869597679311792,0.11415475158142685,-0.5496847837167264,0.3165819351131246,-0.05146321071285351
3.505604355923226,-1.6127338560350122,-0.5207745300761761,0.10653642366463373,-0.601684443929162,0.18354436591075424,0.15187262929295786,1.4211024622799782,0.4028085918861082,-0.42484761645609503,0.29207737792052685,-0.08987166392624994,-0.13102303924398323
2.2247913805321753,-1.8751679995630264,0.33954985035420926,-1.206966579341878,-0.5766442488035893,-0.2459546813880532,0.46516066153535895,0.3992768095164029,-0.3152942577302453,-0.08248269359070352,0.3092574622024721,4.5302612653044826e-05,-0.15964895015924513
2.146987823563868,-1.0167515377576604,-0.95776276195033,-0.24031819021886605,0.8801045044036436,-0.3617749964266949,-0.411947876232095,0.28956786064539725,0.2805365761083956,0.45477611304305543,0.17242708366539042,0.17864505377514028,0.2961155390240601
2.4693294837977904,-1.3290083106496227,0.5134374530359694,0.2553486207166498,0.9121401022097732,0.5548694652071393,-0.3584007262432015,-0.5375228268596052,-0.13564631140902647,0.15588662560354302,0.33283887456103156,-0.17022925124404933,-0.24173952401656357
2.741517914277455,-1.436548783512515,-0.6124733957169606,0.2057474410262037,0.4342638634395137,0.11599776839230114,-0.03922935247760061,0.3513874192736476,0.9330872731996891,0.3468523899287211,-0.042678888011315,-0.05400109957199326,-0.1624860575406378
2.173740920965309,-1.212199840697795,0.2617795927707907,-0.5044260860796368,-0.6954218130360305,-0.25698373693014853,-0.21906357641855317,0.6118448497930824,-0.8389870880398924,-0.4553189589195295,0.08372102559093897,-0.1255839263796059,0.11156479575191254
3.1393801518289983,-1.7315791159925138,-0.2856614126164504,0.23056721248328552,0.07504083607220266,0.35156216811139085,-0.8430752920963724,0.6262776600328539,-0.41463562848138186,-0.20270895291720883,0.25987146055899657,-0.557710112603001,0.16409803523635844
-0.9285819689218584,3.0734861631889316,-4.585064007148213,-1.0518443905458073,0.4571241235046319,-0.3882526619586888,-0.0922715589748222,0.6778092133799217,0.37597278904622544,-0.4153089675364526,0.36574470446332447,-0.6022950186010742,-0.4923348248589119
-1.5424801378968829,1.3814435080942296,-0.8746831124458105,-2.890119746157417,-0.9780083247078591,0.03501115627900335,1.0588530200461022,1.0753757896852256,0.2759974023153048,-0.5821572469741827,0.14849527882805025,-0.30281593237265647,-0.10279370953271358
-1.8362497634669415,0.8299841230557186,-1.6057021863206222,-1.4521048531888499,-0.2940757973576363,0.6841167093123457,0.2541435440169306,0.9824533168694075,0.9072722196080936,-0.5719224361155514,0.15055586334388069,-0.0840566578714957,0.3167602462263478
0.030606834086677755,1.262786144211404,-1.784408010418859,-1.2065760705635429,-0.39360432212976293,-0.6070870606421234,-0.5709833767543543,-0.6198637859207966,1.2019584178809162,-0.3052022254628686,0.252619663100656,-0.14083050607870026,0.16374829221562823
2.050261607576316,1.9250326046501032,-0.007368777349817828,0.7213219027367344,-0.08112664847440634,0.7645261545325641,-1.075837336622494,0.2985485680548987,0.6110570595233143,-1.4074598422175837,0.008258321028207715,-0.2308739554812639,-0.38626697347836986
-0.6096808271776243,1.908058805085189,0.6793579379775365,-2.15307609083589,-0.04990255123112313,-0.19136551192054896,0.5031210658266125,0.0158153066269038,0.3291414477078744,-1.0485851417282612,-0.8822938371343013,0.2911775618402398,0.029772819350362002
0.9002278387071438,0.7639114736096099,0.5733613020971922,-0.6793616342868679,-0.142633048510939,1.0175322447197075,0.1933127422837992,0.09316029346103298,-0.5907741033000187,-0.6800264322383179,-0.8086295013075167,-0.2040196980755754,0.12647010552055882
2.248507190798394,1.8845924845501356,-2.0318401928675898,1.407627234317161,-0.7320069560460394,1.3033985283217442,-0.34471876832033127,-0.17678794112073873,0.8076280599331866,-0.37591763221795776,-0.15495017113769638,0.1795181740386316,0.11996604437927505
0.1833840266847533,2.4271461147035733,-1.0697455602478003,0.12741797198491076,-0.5345735590539746,-0.07000088225153023,-1.3547653565542706,-0.22630735446898914,0.40239608206201793,0.10680268938143964,0.47975015348322547,1.0995317261251125,-0.015789308027510766
-0.8128050273520728,0.22051398690226942,-0.7070053958009683,-2.488989577620649,-0.5835598311121925,-0.31743964460480995,0.3670917505964936,1.2465988553473726,0.9968518973550656,0.12802854923448903,0.2324776484067479,-1.000904746315362,-0.28573615409855824
1.975620498798554,1.403283225309616,-1.23827621968487,-1.1523064888662826,4.186656742220527,0.4929975452972306,1.456545587696776,-1.0424772952984125,0.3743791090289844,0.4161134257090506,0.23147199951480016,0.7228278336723514,-0.4967674280699047
-1.5722162196263012,0.8849831369082223,-0.6289979502315959,-1.1718464071389412,0.9653445697689965,0.2694101015041571,0.15082179870381515,-0.7198068550578527,-1.0893379002457968,0.6713435856004533,0.22839801252093928,-0.4545263743397656,0.3796102975763032
1.6576818088332892,0.9567121974591508,1.9525842166062009,0.152208911601113,-0.7871611831143353,-0.31622495546181784,-1.4916305629369158,-1.5309495572433456,1.1587235622059875,-0.7043890361929726,-0.7382436481321158,-0.4635756559753149,-0.3395563533438576
-0.7253723880353575,1.0636454007060956,0.08033222861543653,-0.07601943117966864,-0.18016577036873233,-0.5443166900135664,-1.5989013122571691,-1.0522996912797333,0.8980994570175921,0.3880591239263081,0.09749329960335408,-0.1766331207360683,0.2607861520916982
2.5622271731703634,-0.260198550654596,3.3743939622397594,-0.9793994323621845,1.9807986006300453,-0.3120396344213975,-0.449393023278509,-1.1306325247215605,1.1119276561622822,-0.13397905163686277,1.7804554880313321,-0.10765867897641836,-0.2493208712816144
1.8325675700495487,1.287878197860527,0.4582800273995576,0.17135075351694265,1.0012222334229623,0.07785782638634221,-1.3756389710624093,0.5290113945273442,-0.4516319779176611,-0.24009962814935912,1.0727693615950225,-0.4647611744970503,-1.0181569732866276
-0.8679929031954147,2.4441011855808665,-1.5633331789503817,-0.8314598593846826,0.7079799805345822,0.11236375184395762,0.42318075171158664,0.06489481651957903,-0.21623949516975405,-0.9429266093224739,-0.17302972106560074,0.599764060620912,0.27245279553231644
0.3700144042947805,2.1539069751569904,-2.4493863483037432,-0.12615904447506643,0.09529984226012575,0.5569235324392474,-0.6478137968766078,-0.7398119091153919,0.7812069765942838,-0.47109905898645393,-0.3841188102684485,0.2220176406910566,0.2504354174376234
-1.45737704490614,1.3833517690762602,-0.22730690232730585,-0.6963568703738107,1.0673621825638082,-0.8187697798548562,0.9342607545695308,0.8552881939863849,-0.048808041753334315,0.07189293078038797,0.0618061324813231,0.3448291051694107,0.1188150239144019
1.2629308497284981,0.7708495299701179,-1.1842245173752461,-0.9258822437115198,2.613593044713569,1.5977957182522422,2.013758274440767,-0.17247913512378354,-0.1565029336397547,0.5761703582004176,-0.38468351367387277,-0.18721974440577366,0.11511703509311966
0.37615037193424056,1.0270434033558236,1.7944662945426615,0.9785445272560177,-0.13656918831243406,-0.6611531865236238,1.1932128759790563,-0.33325118845920454,0.7996845496637688,-0.5859321828209922,0.2641914869851523,0.013340276494557346,-0.0656224286129616
0.7620639041095966,3.3750538099635383,-0.3574700555394662,-0.366732914518653,-0.15444057267645803,0.24524198514541232,-0.41991645782970194,-0.2414358060634197,0.6730591160355431,-0.665450790738605,-0.12281348227965386,0.48620270431579904,-0.14210762687357403
1.0345779671651858,1.450709738244093,-0.3630117731639617,0.29659578044989926,-0.3058872373625729,-0.10033806335892662,-0.45929954637618486,-0.6055959283044166,-0.2910674595150453,-0.10007677439767648,-0.13345344241623497,0.36103765071858224,0.1610639912365966
-0.49487675568032935,2.3812435267673715,1.3357431762848682,-1.040978844247349,-1.0421266340608573,0.11277469690004674,-0.6464101961785728,-0.9486296148249361,-0.5303957632935458,-0.13476485136900204,0.12754872442704843,-0.04193016944720688,-0.3172749859936733
-2.538977084295121,0.08744335730498214,0.47425139276914974,0.7586014542364325,-1.1278164752510653,0.180686668094185,1.156298635828459,-0.502216040666,0.20112302697200124,0.149715491275606,0.03633373790543139,-0.19632649992193357,0.5891409337598565
0.8353201453942978,1.4736705514008686,0.610093575692107,0.5829518777254212,0.8991847835917912,0.8825278739997894,-0.8330969102857763,0.560858401490449,-1.2122681764699523,0.8426168254636189,-1.2600042285583508,-0.21238418548563773,-0.3312052644394088
0.7879046149897081,2.026626522462479,-0.2547234039695513,-0.8094180804315688,0.25885254234843824,-0.15780596379902917,-0.2700243811177641,-0.14707425628408494,0.5186122836728537,0.13473143217272168,-0.602148248535645,0.269489245247472,-0.2803148016741453
-0.8068321559655403,2.2338303908439134,0.7728557971982655,-1.0137157469318285,-0.2918622987377213,0.34959387598287844,0.2569297160111558,-1.0577112083013895,-0.06592413323382634,-0.49173196185880236,-0.021084999054726022,-0.08941916187380874,0.15009472222488476
-0.5580426248756839,2.3729854288494567,2.3076114040120075,-1.0353203058236942,-0.47693950799759327,-0.2375670896915001,-0.49170074806006864,-0.8664736338107893,-0.41479666782876645,-0.14407059087713325,0.31747357902865414,0.7909916809299573,-0.3110598129735503
-1.1151110419194479,1.8022471916654546,0.9592533076886561,-0.3312837911530168,-0.7315100618693967,0.057946075967424064,0.08777415942999736,0.31251756665781116,-0.9046754893522145,0.30554606827331027,0.3205288925408041,0.15222329325944312,0.007553389741568602
-0.5557228299517035,2.6575400353922944,0.8491268977432268,-0.003197641327023252,-1.3462570019392703,0.04061428662814806,-0.7612009957506921,-0.4361082919054132,-0.35066484628635075,0.6797044668354393,0.6188730631645725,-0.07387129406193765,-0.37660893204750784
-1.3492852824437325,2.1180014697848195,-0.04765232084869163,-0.46625056695412587,-0.8905459729866063,0.4965897226894418,0.7562900671139864,-0.12176472851864417,-0.6180368552555873,0.1917579086126193,-0.6701204675469593,-0.18017950425272525,0.13162794284122772
-1.5644826057199073,1.8522145217655515,0.7810670309346334,-0.6050793910273181,-0.516465365181217,0.7320173199611724,0.1376416674663963,-0.4436811565296479,-0.4156825715433504,0.5932631581672935,-0.4083783744578178,0.4446122118142316,-0.0062481236772255234
-1.9325556106314654,1.5594954568986221,-0.08927467610867784,-0.522569356857558,-1.1736975707899533,0.9059614024568251,0.5388714777334338,-0.5480339216919445,-0.1322247183246032,0.735090024196193,-0.43502833209314895,-0.45987007516684547,0.5039401418282203
0.7466659419884485,2.312931709220742,0.11467976874541579,1.2485387039903926,0.26293687450295644,-0.5166878900737131,0.2087820965261709,-0.19571706876260572,0.10371070219652155,-0.4061341712739143,-0.7964216706464452,0.25674616459820016,-0.3634383455508554
0.9574553638036402,2.223528434667462,0.14244477369872488,0.31404294703854674,0.9441427116782007,-0.3828264954695485,-0.7581092851209598,0.9024518481440671,0.0966120474947486,-1.2743123862090098,-0.1727317682911223,0.2164145398784161,-0.6761282108735713
2.5438651841995554,-0.16927402279974105,0.7886969907454747,-1.0328370427002764,3.7310792052357376,1.351678582633398,2.644070499178069,-0.5331101866548764,0.15815721422491083,0.5296765638992843,0.23875614953884045,-0.45600187917307394,-0.10638947271317122
-0.5439525887762283,0.36892654587731655,1.3088959318568592,-1.2779985588465181,3.3467907152562515,-0.7094938878209459,-0.35185902422650284,-0.11366197214049656,-0.9981256765905894,0.05681136468881316,-0.6776705797397288,-0.21572696627353538,-0.48884142452554596
1.031049750388147,2.565569348733526,-1.0863901738177413,0.2638609847843416,-0.18984401497993544,0.4026853197259707,0.013453880722790836,0.03527225275485932,0.18074645856984878,-0.7295445528873825,-0.3941384703970748,-0.06667630102202528,-0.028420014947804873
2.2519094221481253,1.4327413803542564,-0.2302082437978155,0.9211710965438487,-0.23992293182092547,1.0423477426631051,-0.8716262109371459,0.7603424906018151,0.23651828409721776,-0.9429166317446537,0.4977216630836333,-0.5850758029602516,0.2952364301244126
1.4102160153374592,2.1661917693703865,0.7488964107708809,1.1956111880598261,-0.709857212476727,0.610618652833197,2.0920787314976406,-0.5870375511805073,0.12825017207166198,-1.2112036989588102,-0.6181681762750517,-0.08197672085158417,-0.011451083484067977
0.7977197926930396,2.3769488030818637,-1.5681125312755306,-0.03481636022109589,0.6170913970699823,-0.2876458701633451,0.2820929670479788,-0.3789921327980769,0.11300851222182355,-0.6161582263534005,0.9706694404113462,0.6409031966789254,0.1737656026356373
-0.5495317266494669,2.293128643245629,-1.4989353232010805,-0.3070386710514775,0.32601093425322963,-0.15075781455307552,-0.41179084750128236,-0.7997621340834871,-0.051498711104177905,0.6684513753442045,-0.03104850487524584,0.12239065917030999,0.1257205639282544
-0.16117373994854584,1.164483321560017,1.0037131028373574,0.661686223880677,0.30118514173662,-0.6605200468901117,-0.4980213496289589,0.9612311394343915,0.3245566377115801,0.6027364523816897,-0.024895779666520533,0.048082715709241,-0.2257890953966185
-0.6597949416843618,2.6799611859896366,-0.7649208684795155,0.4699547735549669,0.14447038463771658,0.45364679709098543,-0.047668736470950115,0.44300656550181183,0.23132238950677536,-0.10337021246803624,0.6758489875606122,-0.5677212181893442,-0.2295906723919121
0.3923544081850807,2.098731708765538,-0.47185000760973983,0.43705657473857545,-0.3038104545802311,-0.24931415163404572,-0.45319645166170613,-0.39993608812590775,0.17535702533194408,0.739343194232185,0.7214556338646438,0.5119817880185762,-0.12826353063599666
-1.772499077960037,1.7172884693761437,0.9470331744608683,0.2595125860680589,-1.0048254910501542,0.10602075330952421,1.079040870657933,0.4107831022335183,0.7667182719091561,1.4221038488975872,0.012835328233192913,0.5516694433785514,0.5606969596722826
-0.36626735735206645,2.169353297829284,-0.481324234742291,0.39840046167275106,-0.46905131372183934,0.19448661963031952,-0.2402759095327108,-0.2864137343921637,-0.3381930337240176,0.6504052924257994,-0.2780827538426912,0.6065680564367576,0.3438736188959147
-1.6206725727874813,1.3555833880259578,0.28715900069561756,-0.02602454598817031,-0.569352548263751,0.5811677691901077,-0.077615871641121,-0.6894111017605522,-0.05386446534760921,0.9216377331096544,-0.259797139085369,-0.2290026656573969,0.6717702056338832
0.08253578349332646,2.306234587748327,-0.4635749893739549,0.8903510234579541,0.3405765516376246,1.1125046241937517,0.21036667629959804,0.3020317469106571,0.5605680067353608,0.8101105376284465,-0.06395403063354677,-0.18064507209496686,-0.03646232744348475
1.5782750709323827,1.4620342902048176,1.7796459547332861,0.6135844239909858,0.2879817362600837,0.7973181693422462,-0.28123745550934043,0.6170532320022576,-1.2648353374602868,0.31230560141329533,-0.5972874850176714,-0.23366983217936219,-0.20157949607200054
1.420569247824018,1.418206637633751,0.1392758294881911,3.430539460974836,2.1968843368132505,1.457116006802933,1.6820261212584706,0.03498250659003574,-0.5504988893690573,-0.19323943105860716,0.7445609595350022,-0.6232225957323188,-0.361022705305975
-0.278702753648856,1.930568088670469,0.07867055304723367,0.9285207407965367,0.26149577818835446,-0.6799970048310306,-0.8475937299898361,0.2890581738566847,0.59404593103057,-0.17547025653958662,0.08958569613993979,-0.5947384945821652,0.06528172106355032
-1.3031449662482812,0.763172313657792,1.999596510486859,-1.7258358801711147,-0.7349062729166879,-0.48671988283386064,1.1332766315820335,0.8449585476326842,-0.7022469391080818,-0.5063031629199723,-0.6892453975986419,0.7099391346812953,0.3790282444590484
-0.4570718656526252,2.2694156075896763,1.0613389675926668,-0.8374320543803755,-0.3234508412672778,1.0031166834410883,-0.5044309945878018,0.7410341780377995,-0.42327086448060613,-0.5069665124561019,-0.157511598285183,-0.3278217956249623,-0.20365675856251744
-0.4941858470443764,1.9390450494868339,1.3239380723766954,-0.06159724830111055,-0.8489075288858677,-0.03317755888645313,-0.9821331621683929,0.9584565685711054,0.37276510259028417,0.3668826425336595,0.11060982225066955,0.01855406727695546,-0.014218416952964923
0.4820744097730914,3.871783848407242,1.3442712233930747,-0.8999104922079464,-0.9323577261763463,0.969369927876652,1.4031079169598264,-0.6787914724444503,-0.09719406376655873,-1.354187001470201,0.29354882246227126,0.7232566079504458,-0.27203459251096757
-0.2528888776532019,2.8214923747015948,-0.30263978453064133,0.45796710142112984,0.37108725024717465,0.04826452411669488,-0.568165672625609,-0.14228246921490526,-0.161244166020392,0.8438295973604043,0.4731578156168625,0.29371571637926114,-0.1868534782395448
-0.10722763772912498,1.9289220425669602,0.6901482425075119,-0.27372248408470573,1.0710969307184242,0.03722121638136279,-0.01270205843414483,-0.36052423873453193,0.8175496140614699,0.45445990275302384,0.0034649346188243106,-0.009844340988157124,0.30474023220465063
-2.433012602550221,1.2571410404943937,-1.9030274044113518,0.8697319052756067,-0.4681426341345124,-0.8279559644539874,0.2419429885727033,0.637954954015582,0.12674474994434803,0.17477273485575165,-0.3258597873823036,-0.3029590628091922,0.30931644724398055
-0.5510895391746524,2.2221615507766233,-0.35622883021253593,1.3633198872949532,0.21671559781468464,-0.5724168275982747,0.9659276158654012,-0.1936442178853781,-0.488917935707239,0.4656247087612734,0.3135911416062227,-0.016166141069961008,-0.09882710115762618
0.7396219285682224,1.4089566673657135,1.1253454920042378,1.2051114675926,0.42992123287584894,0.10584620913611983,-0.20502618829410618,1.3934665765404797,-0.6469255759888607,0.21162035371259402,0.38016970423213153,0.14072719046068824,-0.06366584632057104
1.3363217334183324,-0.2533369311683053,5.345388179195752,0.2390375126062022,0.23650254840122975,0.8009793022153321,-0.6004019103653493,1.778778285775134,0.4160322777594847,-0.251810942625213,0.14484299889597912,0.8488229698519614,1.5334226418178698
-1.1770869962477735,0.6639668398015717,3.0102218879464337,1.1661369564822694,0.33272868633416414,-1.179625438005653,0.6125505273034504,-0.25025326401279807,0.28695341600182717,0.1710440756663321,-0.027177137677265213,-0.001267175991908715,0.14550752589061153
-0.46233500801967947,0.6182881794850427,0.4834423663441828,3.5767243570819054,0.12882144758825015,-1.515220972164684,0.7627616048609623,-0.2493474909239501,0.47254142276260674,-0.23326643520568874,0.2010504955170692,-0.35863653690253233,0.3160991768745444
0.9784740793566484,1.4455704988958282,1.4812369749959493,3.790335091263281,0.4998102584977762,-0.11928890623846586,0.18076906950124422,0.10017048433027721,-0.7924866930883954,0.017304767720135537,-0.4557862475903352,0.029234663482728934,-0.1607815886868448
-0.09680972631598678,2.1099979931352273,0.4348261156167893,1.0546952788758315,-0.311444426425637,-0.11013479938956786,-0.5332646015797047,0.8417779716972876,0.4430278924900477,0.2945323379232668,0.3884697183015843,0.049901395194827745,0.29709695272412484
0.03848714594902481,1.2667621091578865,0.6875779128728102,1.2728841836169436,-0.35305217989106785,0.9739081092152152,-0.8167931788807687,0.9802318686007225,0.5196927088645074,0.44630057131957235,-0.01877225496890691,-0.5681239552439671,0.648054880973546
-1.5971585012074718,1.208143574128486,3.361175555386434,-0.21927755281702188,-0.6407634332225747,0.8661347816356478,0.13861539324986977,-0.11285792865510486,-0.1642701203418685,0.23258503873610434,0.35185955611036845,-0.3647771147324634,0.47185725051944716
-0.4795649160831267,1.938840660394049,1.296507518829672,0.6869762250808253,-0.06048521935119879,0.6841610796703157,-0.41057592322976966,-0.3010977806031103,0.4153838115027334,0.6092903004545769,0.05976543476203625,-0.612399798351947,0.46226970945623985
-1.7928334730311457,1.1502881044421056,0.7828001731822667,1.478778965834314,-0.5042179729065017,-0.995494927909214,0.31850758568743864,0.2530902306993681,-0.7251641004143136,-0.08545806065609285,0.41929551338580845,-0.25900600671103646,0.10611807580144965
-1.3271016561416018,-0.17038923204902845,-1.1800133553094891,-1.501709805674478,2.3052903261881665,-0.15285292873520817,-0.8258174328190457,0.27505122387281195,-0.17401432336367426,-0.02745264728411768,-0.5413758122586964,-1.0250783329636897,0.3422891529788603
-2.3845008347435317,-0.3745826055246943,-0.7238225948116639,-0.30819498345045604,1.3396319848374592,-0.72003209428092,-0.929819982282835,-0.1414872177187438,-0.36241682997458896,-0.4735062059150032,-0.551125553677604,-0.39426020014113916,0.47179498308528717
-2.936940102146614,-0.26386183006838093,-0.16763981598372146,-0.40877342179178583,1.0878060614398666,-0.09427571947260399,-1.6036530736100483,-0.5730386402350675,-0.3514377184148529,-0.0012445454504621052,-0.005486852952299544,-0.5208965934547192,0.615958026814375
-2.1468111338160645,-0.36825495188646173,-0.4533013014691873,0.04852756505451343,1.72663204662481,-1.0316396972367454,-1.0085438565679685,-0.28739126075507015,-0.4197782024172448,-1.0611650544194062,0.059579328749238394,-0.6895645583286848,0.1893150561511096
-2.369869488333043,0.45963480923116606,-1.1013997885920583,-0.8567773352940189,-1.0670065395140182,1.4307407736044948,0.3395438815407516,0.8486899774446096,-0.3158810653657862,0.36905611712822134,-0.01667694399695326,-0.6679254507695328,-0.4718950471493031
-3.0638415687203553,-0.35341283545840374,-1.0991241041153406,-0.7403981320869346,-0.7377080340420409,0.8410565972838373,0.71656997352943,0.7489594342735912,-0.0995239599373056,0.1921456015541035,0.4007251240057112,0.1676671431695452,0.07370639317243086
-3.915753783711891,-0.15458251944173332,0.22182779984104906,-0.009068327453006765,-0.36272873638391695,-1.1248112081799182,0.8973411556401579,0.20305141420187872,-1.2024701205016348,-0.4500889375418184,0.194093622118877,-0.5774815086444481,0.02847012527341549
-3.936463390715964,-0.659687233409783,1.7122154192145402,0.5454838007805713,-0.53732481516059,-0.8906231803366568,1.4659714585749606,-0.06265529332302075,-0.0646527779078462,-0.5968654271460867,0.4412055177758482,-0.07060872803768037,-0.1632124730693589
-3.094276117762277,-0.3488427592737966,-1.0268314134224503,-0.07134920796520546,-1.0593498570949476,-0.38695734306064183,0.7723886077669426,-0.14633189231555155,0.5281045997577332,0.13895433654797817,0.12660977060009598,-0.08418337291644176,-0.14148243615260994
-2.374471628006923,-0.29198035155999447,1.2419143328305662,-0.7488055395994888,-0.41557911281372595,-0.4268474827572777,0.07347623265127932,0.3317410700863723,0.5389712813409829,-0.08250221409954864,0.5433206614558677,-0.22057352802191443,-0.7610417147851954
-2.778812947632516,-0.28680487288217515,0.6096701239723744,-0.8793468858520345,-0.5544239360926237,-0.7357588792106478,0.010212213187765048,0.4348145782012023,-0.15220346760103454,0.743502629807589,-0.41717252974642444,0.052807642478327504,-0.38929211446998985
-2.2865612847384713,-0.3725078446852994,-0.9716430323608548,-0.37143773595736834,-0.3380923682075835,-0.9128187823194289,-0.9647977255343274,-0.15028020470635003,-0.24205967406858955,0.924761293303109,0.07965733574405487,0.23773832483007734,-0.28707517549388806
-2.985633487449468,-0.48921790834701306,0.9469529317999722,-1.0362255856749174,-0.5851467429990327,-1.227673507132308,-0.23162108486176136,-0.32065187987360216,0.5101397430669169,0.26291664515799584,-0.35205449060772626,-0.2463750815590475,-0.27919107168555296
-2.37519469822711,-0.4823337172448779,-0.2528839940533328,0.6711492638133756,-0.6280919050420604,-1.5603404373187835,0.9720657279675033,-0.3745723956457059,0.5153719871115293,-0.5097730557985287,-0.07624337504745148,-0.281320058497207,-0.3900952154268303
-2.209865525595872,-1.1600525041576444,-1.2451252259210663,0.3188381881276904,1.6886933981073236,-0.3310745437110743,0.00935774457165028,0.2868944653357065,-1.000391414912352,-0.21054307874669348,0.4969452925271711,0.9939185775969888,0.037534448884918886
-2.6256210046927224,-0.5631607642108354,-0.8559610818033779,0.2756840261001643,0.6511122082281537,-0.44731961728182523,0.5766521830285501,-0.3990306202434073,-0.32347976458724503,0.7616701996936748,0.6410861538401855,-0.865798969185382,0.027647109712512233
-4.280638778751088,-0.6496709640237067,-1.4581969616385677,1.1281643024386023,-0.3595542500274626,-1.6166438942053099,-0.07532072215180635,-0.7640679148079196,0.0987443123925042,-0.023844641293964797,-0.5963761902256468,-0.6597918155102228,0.2908014787040839
-3.582641372001106,-1.272702749727302,-0.11078403762472543,1.0499090445620136,-0.5235518995888907,-0.6001736007175639,-0.18846582342875784,0.4213459562288254,-0.42409544483676576,-0.15093405331128984,0.2220781072571736,0.2810816850028358,-0.15660757194520003
-2.8070637200816586,-1.5705337870411988,-0.47252793457208603,0.6273584503465385,-0.26017299692892076,0.5532429126464194,-0.44946417186206045,0.12287297801598601,0.04462703727263601,0.021868059295219146,0.17873444270755445,-0.1585088632944381,-0.2356659564275011
-2.899659333023911,-2.0410570079384662,-0.4959598102350939,0.471155615438849,1.4388772090990627,0.17854341124205703,-0.39351986113809556,0.046058654871438856,0.09047737030243004,-0.6105270331012068,-0.07657932210825867,0.3528605776724387,0.750324520053591
-2.3207369765492034,-2.356366075556676,0.43768174361876283,-0.05225977554050996,2.2344271940530813,0.07677854217494716,-1.2734386989773223,-0.4664684266246936,0.30464942144851087,-0.4229418510815648,-0.5827885985393391,-0.17724340721381898,0.7400246240965266
-2.549830947226136,-2.0452830910195257,-0.3122679986509314,0.38697168223072614,1.8475226161978884,0.9800291475357907,-1.6271916638443247,0.26966324937885067,-0.14780219902951197,-0.4326550792126589,-0.4137868607834414,0.5924669743258405,0.4645771970801737
-1.812541284842297,-1.5276459462687522,1.3625897815878727,-0.1893959060348972,1.7493871973183568,0.9702915176984934,-1.5418507978367515,-0.07949071380612131,0.368774389293542,-0.3030687471036331,-0.4591927209143121,-1.0016768158445015,-0.22325812241247683
-2.76014464192395,-2.1389323476426134,-0.9646286882006794,0.6683861119278032,-0.47704169257433915,1.802113441221322,1.0184060612851948,0.37175911834605296,-0.013306511192962802,0.09597919646625985,-0.12131220532139683,0.4438597423151184,-0.057183390484478486
-2.7371505006679913,-0.40988627088179164,-1.1904046839669866,-0.6630452043229411,0.45903677670238235,1.8818902559718937,0.023338202493233706,0.39319578697392876,-0.002289506966183055,0.8378260475959813,0.35970103049563057,-0.0122051641524008,0.08663398341815826
-3.604868868183425,-1.8023842175839686,-0.09403686133597067,1.2688404735137289,-0.6094653319307209,0.1919327958112639,1.4184227681317991,-0.1978753430808669,-0.17466377168981845,-0.18659121061650985,0.5793451531218647,-0.0036202054626459173,-0.00866646115025297
-2.8898259968735074,-1.925218613130345,-0.7823225555084472,1.3247254007768912,-0.5712429547605461,0.4306056746807059,0.21785574035230487,-0.13700216837058932,0.3493415189080043,-0.14518875221437735,-0.6614393209154815,0.04248724993562765,-0.17657094020021305
-3.392156076835721,-1.3118763884735973,1.6020259689000256,-0.48284214412978316,-0.6708713844634326,0.8035654872896905,0.09583651626235061,0.10776718337770029,-0.430312435827031,0.31039038335063024,1.3192456527007788,0.020772886639163313,-0.21599092748660997
-1.048181896853675,-3.5150896912197322,1.1600385659132302,0.9353293944209266,-0.8994485346148545,3.2842813081553186,-0.6424633574198954,-0.5223360804340151,0.9432669079743398,0.35188432273679715,-0.28183867029898607,0.08826269711621028,-0.8151796242361657
-1.6099122828479335,-2.4066381595743294,0.5485596972407124,0.7543096839807135,-0.9952068461741704,2.919477058594611,-0.7110561137170602,0.1375276525594963,0.18954886165591975,0.07994710073834486,-0.3667629197103095,0.08573901367352181,-0.8125612217159438
-3.143130966743975,-0.7381610441757982,-0.09099872392222189,0.9806478454856713,-0.4098135188778018,0.39892233349539347,-0.07403122442234535,1.0931903336938418,-0.1557978231959496,-0.6210545123987428,0.46730428698909005,-0.1131778635370063,-0.3188344645993643
-2.240156896269544,-1.1754652881188654,-0.10137693249612094,-1.165278716331485,-0.2644492921931583,-0.8010387615716279,0.5398826927126983,-0.13260424271757065,0.5555902832056472,-0.24682103385629756,-0.22206161983844847,-0.10212678699319062,-0.4385094383027868
-2.8476737761195206,-0.5560439658826746,0.8042152181010307,-0.8978880662595418,-0.254801316724388,-0.2885680350234457,0.8677623971976093,0.251984099962604,0.3186105921276958,0.2526222542108638,0.006841460278034401,0.3166394835961354,-0.22924806559432362
-2.5974970566487654,-0.6979655372009204,-0.8849395211306341,-0.27422874768254113,0.7722354971886554,-0.7198424302489356,0.2725002525874429,0.26054155552500324,-0.3394921044924297,0.22480227683203993,-0.21265941193302937,-0.16880213089973017,0.057492215142221914
-2.949299373134846,-1.555308964283985,-0.9834007272249419,0.015480346925876352,-0.3640821104849864,0.49120599373323,-0.9859350902141921,-0.7857973191952672,0.3563284687278964,0.00765451769241106,-0.07369064144749649,0.4777448957038704,0.10127615834055215
-3.530032266349314,-0.8825267962042371,-0.4660291277785389,0.5807896245708631,-0.6689597199930839,-0.4588143074807688,0.5222206681087446,-1.0751276155481637,0.4864394379365954,0.03427664636223512,-0.006268783616373466,0.12047532609396418,0.0810879404343728
-2.4061105404785517,-2.592356175042399,0.4282262107995792,-0.18433509160570904,0.44766112377073036,0.5695062683836807,0.03580206910510959,-0.6732450468722657,0.16800701555895348,-0.8658553533125586,-0.09744510054815607,0.7996528134869743,-0.09049324371183184
-2.9290847269674556,-1.2744469479044833,-1.2133582715051492,0.2953160469465659,-0.2673499275876958,0.38121311026767146,-0.644320736103223,0.0005529116872131235,-0.5025310841108495,-0.6000243350530402,0.07563831938910875,1.079656217256306,-0.11299132906478651
-2.1814127788126196,-2.077537312734517,0.7637825515581212,-0.38959332189945445,0.35987360204030244,0.6295677883052261,-0.753322347559884,-0.926073691831735,-0.10983353740991542,0.2166343460949136,-0.22521393558973418,0.15308244497623502,-0.148495696609029
-2.380927787135638,-2.5886674324185925,1.418044029496816,0.5885019355198828,1.127996809004376,-0.9836449646975434,-0.930472642656077,-0.29400486979527085,-0.002525672097954176,-0.7087895820104619,-0.15239085598826252,0.2516023269517195,-0.39602765946158824
-3.211617215041249,0.25124910442559106,-0.8471291521285017,-0.21706535466547772,0.6090952147103319,-0.3953777314344398,-0.2918493003613603,0.5829062710113464,-0.5971232366526869,0.15492549714010592,-0.1991757549722724,0.24544490607460231,-0.02389778685420551
-3.6779187209738176,-0.8477478441497645,-1.3394202310855172,-0.12517586515270948,-0.48611193269185493,0.8579592100532738,-1.0256400176634872,0.6760870244040684,0.020623256060556587,-0.02733696124130293,-0.12899003189444777,0.8045916300252056,0.025968675193818083
-2.465555798040449,-2.193798303654095,-0.9187809604264904,0.01802499500005734,-0.7012095215705455,0.6808550027296508,-0.8291991199880573,-0.2965161309745799,0.3268362327898434,0.27415872838324484,-0.6087228493920724,0.0986407767044571,-0.2591983120887921
-3.3705241454428614,-2.216289139861138,-0.34256951241432154,1.058526838731184,-0.574163899234665,-1.1087884201217961,0.9584158333692467,-0.1460974674977683,-0.022497654947319878,-0.30411736104307296,0.13922763990766113,0.17078590937317842,-0.11442661012130172
-2.601955851224737,-1.7572293509792765,0.20758135498125227,0.3494964215465578,0.2550631777338394,-0.026465377477738285,0.14689354682507633,-0.5524270406733203,-0.09796937524834042,-0.20606078677196896,0.2581977482986654,-0.27943105347170694,-0.18737127836910647
-2.677839460864501,-2.7608991316745475,-0.9409418766769956,0.31203474626495037,1.2713550029612672,0.2730679235129953,0.6792354057330983,0.04702380430626477,0.0012221468680148043,-0.24799731185437465,0.5124920247566159,0.6987664514502328,0.07207769481156397
-2.3870170912797186,-2.297346679712821,-0.5506961970110873,-0.6882845476085511,0.81395521904639,1.178782977352911,0.6339752705059133,0.3908287740375985,0.05744767254809391,0.49148950164672023,0.29982196799253613,0.33982065370202785,-0.021865760500497003
-3.2087581641980214,-2.7689195660475767,1.0139136641131172,0.5969031860643241,-0.8951925879513927,0.29609218412742355,0.00574125709752913,-0.29291373426615924,0.7416604229158631,-0.11796901888784567,-0.22996433111840894,-0.1887879628791779,-0.32396472045163494
